data/andro.json
{"header": { "parameterUnit": "m.s-1", "parameterNumber": 3, "dx": 1, "dy": 1, "parameterNumberName": "northward velocity", "la1": 60, "lo1": -30, "la2": 40, "lo2": 10, "nx": 40, "ny": 20, "reftime": "2010-01-01 00:00:00", "parameterCategory": 2 }, "data":
[rows 0 to 19 of 20, columns 0 to 39 of 40]
0.30933171202231619,-2.3981139224798906,0.067835167914162831,3.2337807255043653,-0.82688265533117944,-0.80657578533640928,8.7680445215520759,4.3501934446936916,2.6659158694251062,-7.6006328853861458,0.55157176364357285,-2.3385129777542701,3.0317977820121271,-0.83951424103716754,1.271322843601068,8.1014262020058059,0.11814630652526809,4.0583902729378023,2.3122193903078916,1.0572914227164192,-8.4742717639637739,-2.873571605350381,5.076038729234984,-4.075226660096364,-0.013934379560967852,0.15196096209773924,5.741929084066121,2.1514938559570704,-0.32441866108675266,-0.010587300614454176,3.0787533767686872,-4.8917296226849816,-0.57723770922446382,-6.1878145503146724,-1.0333636107847999,1.008944708053213,-1.5161641636202621,1.2767872980481079,-0.80131329105409344,2.3783404462533988
-6.8394811334493939,-1.0207203911017633,-0.82811005545565852,0.37796716476812686,-2.6631562156742921,1.8392166507346852,-4.3362590951889706,5.718822459384163,-6.3003866936992026,-1.6096915565051209,-0.89810061662407314,2.3263969020746131,2.7617779946569856,1.0763606304556412,0.74269479453345055,1.3487571374229947,-0.92870688131376267,-6.0905791173997121,3.0459949540317215,0.16368286304812626,-0.53310558195549662,0.35006497557136068,4.5463535996642204,1.1751662021481437,3.366915926731282,7.136549174701762,-1.4781953713053597,7.5158725412502454,-4.7725828049378025,-1.6028067249035944,0.4090699932986096,-0.97637202870537221,-1.0283275288399678,1.4807289297054274,-3.4765686477997306,-2.0766994508420638,-0.033333409214412343,-3.8551315504919432,-2.6150284780136204,-5.3551622760300734
2.1070865753931427,7.2368287619475273,0.91177852027189388,-0.82643880491729227,-0.77127345309620332,0.42339259523353995,-1.0912860898630929,0.50600081669123531,0.56971573030535327,-0.27916412784969946,-1.5440725007191136,-5.4703863299541382,-1.4801556900512334,1.7629751006692695,10.751601087799758,0.55424194653179137,-4.674668820245433,23.175273778124602,-0.34951312058182304,-4.422013302615734,9.3935385828287128,2.7952048475704401,5.0792738285792041,2.4766800806129754,-2.4200085257486066,0.0096610793653361324,-9.2903863341084492,-0.054571032971573952,-11.014940279224673,3.5506585957538936,-2.7296415513267074,-5.5436645823674064,-3.389011274713281,8.6539772253437661,-2.5588097194834427,1.5091690178138994,4.2079695098118641,-1.2465524813944004,0.10212779250239311,-2.6900743456062259
19.386511397228684,8.3234801834748549,3.6491181868775371,7.554347965882477,-0.39373212683237307,0.54598370517770178,-0.65411800151865107,-2.0353013383333733,-11.887868034628195,1.9411765124990674,-2.0546566878180101,1.7075110977980352,10.835889109931193,0.89584139643117189,1.8793436225161817,2.920120655670897,-1.2967719945864058,-7.3517229041328065,2.203637559546292,0.51793798482242004,1.9330416630908764,6.6165721014878924,-5.0275172938445518,6.2155610532521068,-1.4810007592364376,8.1602848667566033,11.568078940883357,-4.1628137458972718,-1.9538682974198855,2.8249661319493309,-0.57148737518341242,2.1261765179462082,-3.1113783792325371,-0.070971186899494998,0.14637189647534546,6.0996842592462652,-3.3017026296381378,-1.1454090528555285,3.3978118083008169,-1.9401918496965731
4.1357415932706303,3.061940225525229,-2.4266752795856465,-0.45788694175768263,4.5458555241778793,-1.0097867425153719,-6.8730246941988629,-2.7821291677558646,-8.2434389339336143,1.2664473887403955,2.4629694091991214,-10.077788501431485,3.7659173557720877,-2.221307542891251,-3.6295214863135055,-3.2322794442889697,-3.0709098218037094,0.31616809586917383,-6.0952187141996435,-12.850567573559012,6.5112856358630502,0.72689047379753169,4.0772779277917923,6.3681499260473382,-3.499884700513864,-4.4382915107187371,-0.35370273116542017,-14.563421782434485,11.631912328469785,0.81699634421305223,-5.1539112157366729,4.4041648885073466,3.6015735343860986,-6.0043735505911178,-5.4734303017255632,4.823228545703067,-2.0753004452175183,4.037307984195265,13.701929358233146,-1.5337849298521546
-20.688750689833839,4.9905755536896033,-5.3032497052797645,7.1424006411377929,13.377184148556891,6.1677804498986539,11.521983165598913,-16.703900143129573,4.5775174565545962,6.0366651938348124,-1.2399627962713129,-11.348153251715255,3.1466292588411529,-8.5537074449893034,-2.6215948641447953,-6.4565254925515285,-5.3758323886045645,-6.4011921054490717,-19.965408825217683,-3.2853897676417088,3.7450978054320485,-0.094985043628459123,7.5683580343426291,0.81212059290394545,1.9986612504241748,6.6239821433392381,3.7031654360725219,0.71255341625222357,-3.0090655612473682,-0.17003658059493937,4.3553431721331188,16.252060535746093,-2.9192619485254885,-4.6324041253544959,-20.208718045326599,-5.0110724770409059,-3.5433889769064644,0.19727219339849547,-0.020335466345367127,-0.33534557539602516
-1.6646088092273443,-6.8142917115742829,-3.4951909836319079,3.8561029468932135,14.016728372966842,0.53473953755464942,8.4279024899423689,11.716636210631481,1.4530163813716739,17.113608152728762,0.71898728658772371,4.1440644414417944,-1.8431965290881669,-3.7671861529616355,-2.5132755246033196,-6.2679498273434389,2.2248344830588414,-2.3102887221506685,-3.7342695778828769,2.4084326056381826,1.8920737367114606,2.0462426625344352,1.6219294265259108,-2.6404040534431976,-8.3709418973205274,-0.084941241289084451,-6.4850347199839478,8.3807901883971319,0.402627019268672,4.3567382287099221,-5.2416388948664761,8.3839400480285331,-2.4471699406996832,-2.0575984082756333,-12.819375569120821,-0.21325506471688624,2.2547693887674649,0.70240931518446381,27.833746492113637,5.5104415811852689
-5.3807783708586054,2.5710236033877907,4.4127871117387745,-13.852549938844858,1.2986579332176942,0.89496713427947294,2.0211198102344996,-5.1429657227676326,-7.7414229085671522,1.8216187774405306,40.590709132004193,2.9541533178383168,16.813009088549919,-0.041880258382426587,20.392265864509998,-6.0255288093812469,-0.63311811312560351,5.2279637650365185,2.9342052904664913,9.9172681841526877,-11.836729540914126,2.3592457172530148,23.489212244316757,16.125902458589195,-2.0581370066033902,-1.6867564462347977,5.4019723189116986,303.41165583257356,12.262624929412121,-1.2410864306329301,-4.2983867580011079,4.2765869157663605,2.8737311762127109,-5.924858594472191,5.7984953314501286,0.7583150595614998,1.2398047545867492,3.7628183019851522,3.7159312941445526,-2.2010583572353135
-1.1485093931243635,-0.79021877894853787,21.366918716640072,-3.3956002913623258,7.2803929464307693,-4.6393220467894452,-8.6077657012059774,42.808504560658108,-3.6401286271874662,3.8910990873202231,-4.5073222240477602,1.2937268493674332,-7.300526645240951,19.064916008994924,-0.83956240391139914,2.1166893469354964,-1.8325813835677145,-2.0821985230540205,3.4219682770504001,-2.1671304711303194,14.748688655762242,2.1270118715439166,-7.4474088275805403,-5.9516330345616577,-3.6234402205701564,-6.0870115871524488,3.678490785889716,2.5371357515254909,0.49291667861372163,-2.2561376307400316,0.71323322981094839,-11.884356426711818,3.8743598277412552,2.9916465384978688,-3.5966138191139412,-1.9977463919267879,4.199219114687561,-7.6785245075385271,-16.325011425970835,8.7206961317946146
-6.5790202315075241,-2.6824345158873606,-8.7902780599356465,1.2227262042578437,-3.5511536375475328,4.6661290028105373,3.4051149930185423,3.0421462763254001,4.7905511919628463,-8.5997116067640853,-1.6124770878005432,2.4877499975774269,1.8411588559980643,-9.0673724889577478,-1.7986314501046365,0.64560525873932206,-1.9227930916756055,-0.25132976981864891,7.0593947082671651,-3.3444946671503679,24.131284562282787,-12.445757666964845,-1.130662931824493,0.38439823638578485,5.6737134681697494,21.343209555036022,32.134356835824988,17.415792481421715,13.01397005024044,0.10663264721645982,4.7347304043635008,-1.4257199138625372,-1.0349731088678567,11.45400205762151,-0.11029945208480985,3.9562837797943438,0.5344496211192552,2.5420509338915753,1.0313907427811846,1.8136083160110503
-5.1903163280945606,-3.6579498916806799,8.6617633898683941,-6.4769976330112895,11.406840400265882,16.632520673141954,1.5575801138132959,-15.200684870295648,-19.428380687962104,-17.451806046808542,-6.5755728079465712,-3.5428815764328752,-4.5743335427722895,-10.734288411628533,-6.098845892743145,1.2835513252756687,5.3461279261826693,-5.0261380023914786,0.78291598024443376,0.79494334110399778,0.78643558983678319,-20.84291583100703,21.175113056148145,0.38465734274401719,3.889238058218393,-11.915340651144676,-30.219949885299616,-32.203615444017423,-22.637845012456058,-15.628972718601252,-21.360557275251523,-2.0643307433838816,0.55772870289826959,1.507782494648269,2.0175630651010823,0.55285207131618863,51.115093417183729,4.7088226236812298,41.733723344773153,28.372554370790287
6.1210207628191675,9.0765731537236807,17.709282374644896,16.436783225641207,-6.092450434072596,-22.21397186696278,-23.367831323081028,-15.760444599599888,-5.2694730808860637,3.9148766237458386,7.6023979049812187,1.226193752524428,5.453793223820699,-1.4287416745965724,5.7327352064024177,0.17780757608489439,-1.7186458193742089,29.189733955567178,62.417872621907399,73.147882448903232,7.7779070007064206,11.429270741643114,9.5010216688761933,1.5549941836627121,-6.7720605416941915,-2.7520022659045478,12.363133100001624,34.373401786377244,48.311860361256407,60.916698181283785,58.068698791131062,27.4580153873878,-4.6965780733075082,1.0860906622188156,-5.7121000765621304,5.0511345803870027,-67.838022906025188,34.916598397254454,49.205534120129208,70.213504876936341
-22.014955070472666,-32.486425514930779,-29.81630949997054,-12.1798874286158,15.347185903608098,52.494739605945746,187.68891515527594,448.37562693054957,679.34493923234231,793.68288268967819,724.97191477812612,434.44070484797123,-0.82858888909529649,-2.180247802595491,-2.1902829546482834,2.4389644139527658,-7.9044323723715344,4.8757892596995474,23.98536710328926,45.270218168044565,20.422866427580274,16.193099254359062,-17.503024575045398,-18.318501750395878,12.147514541506105,44.297201339393204,64.301662562665882,71.280315681381154,39.53087686075402,73.623808256899054,182.35926020093007,168.33272527634639,-49.145566011941881,-4.1186487795702789,4.8665847959627415,0.78855405233212994,-14.02223001502132,-8.0658317474050492,5.6308166710116812,20.3081217424923
-0.38166774880080362,-13.357750222543357,-53.892858705107258,-61.063032523341036,-35.305338094078891,-0.43942623368869604,28.115929537339227,49.220217876584016,61.99285625410274,65.553262139952423,59.020853004190045,41.515046316872656,12.15525954805728,3.4387328494877853,-5.8785945122970364,9.8591255808365084,-1.3890589192537848,-5.3102413323448197,1.2027304359705855,9.8353588989114691,-3.6166994831180901,-77.044801953416311,-128.04755033931576,-126.26846354669857,-107.59984642557612,-80.310659027157072,-53.202009697056248,-27.969687125964256,-2.165274141009677,32.968153386457828,84.593549657435958,13.219920760434125,10.242567146549831,4.3630927553139545,-0.53853277963075374,-5.1228757069028017,-17.070041182715293,-69.14996832055887,-88.874380514429902,-80.578442849114083
-90.092506599593065,-176.86905400648183,-196.06394119088108,-197.0843271810503,-187.28707581475078,-162.61573301501704,-113.22273272073795,-31.970985534777714,88.420595377538291,30.97867771657922,40.151456675151294,43.945522197004685,39.780417213347171,25.731526312801261,2.0225281460292091,7.15112461828351,-33.741631743701703,-14.576367002749594,-39.70894405878181,-76.858230156458532,-194.62594249473861,-233.14887888061841,-250.85363432245089,-249.77733813184943,-203.90481385702407,-103.66967514521116,30.483298559278264,49.284046509313768,66.177205478188455,74.789743991361405,73.551396417384595,64.270370964012756,47.602035550175174,24.051556950612895,-3.4157626862523625,90.733239188124003,180.62857634162293,172.1054839536919,-44.707996020691219,-47.381891562671129
-225.98038446990262,-257.30055477040878,-242.08343464767719,-122.0810925821537,40.381898479251007,67.931336749995921,87.455127467489916,98.301164003051369,102.04273410340041,98.854000817249613,88.909127193311505,72.382276280298655,49.888736060742012,23.399488054574519,-6.5967884596901465,163.0580762834955,275.92583163076068,182.78419823366116,105.85836230851194,21.182433875989272,-195.63051219050732,18.457537404466589,54.13692668295667,83.099451710901434,104.94646219023736,120.1460128083267,128.87226661388215,131.29938665561616,127.60153598224139,117.95287764247027,102.52757468501548,81.827089940112515,56.775300717609916,27.706799978044678,-5.0631656946954235,5.4822939327373987,172.32209705541487,166.64439422754344,44.182691909640077,-4.2068481417016663
67.149264096941408,98.432633484071218,123.52554958392034,142.60217544520145,155.83861145500254,163.44207895394939,165.57263053065208,162.37001679079052,153.97398834004466,140.52429578409411,122.15964305242055,99.004699766549876,71.323361954651276,39.43087620061219,3.6424890883207426,-35.726552798335696,49.187795320015852,75.41761267370606,-2.0888101043153404,0.26720992472400812,143.78200475968126,169.65934796837288,199.18462313971307,211.65903400992786,217.9549945480147,219.13816772896888,215.34830415847057,206.7251544421996,193.40846918583577,175.5379989950591,153.25349447554939,126.69470623298648,95.990303251454733,61.029100201865987,21.977559368946949,-20.849072663414582,46.808315924438148,0.48998668121322225,-6.0958299982241728,-1.2166275098359882
-19.33862716191965,-14.759804480123682,58.918306950261993,231.22305259039888,224.33084542414403,234.5022884309254,254.39229850558746,261.65148174175403,253.74711711330218,231.16631909639389,202.68906908999818,170.43741453134101,134.55110602610225,95.169894179961673,52.399428626772092,5.8704741676293839,32.706362454329593,-0.1441847609560942,0.59309102768901645,17.60993211061281,-36.607720236275952,-41.850385131093525,-44.674514875677275,-45.299368684961301,-44.157626283316461,218.97996865640914,228.96147949666616,204.61786219689546,188.30809582472855,186.71162298435411,186.64948095605041,178.76229655060618,161.47557860416507,134.16188905036574,96.193789822846952,47.132593542022676,-4.4159317581141089,1.3180650150070392,-8.478162159996943,-7.433630117342636
-43.367858051389341,-56.663696435194375,-67.576654327193978,-74.935145996610828,-78.929170409720328,-79.991407290893278,-78.554536364500464,-75.051237354912729,197.85512120128655,169.04052160812029,138.7841570800467,109.80363474754655,95.294371355695972,82.317732879177214,64.682767356229775,41.882024044891352,-0.15688832691197388,-4.348215875555737,12.829086881210397,11.228959814938811,-50.341205607890409,-69.714136356495771,-86.602302963301639,-100.2149338845509,-109.82133564932681,-114.69589615415686,-115.09352181660103,-111.82684835047171,-105.32855548013984,-96.031322929976156,-20.562451291662629,111.91782660048565,83.452884436767931,55.909830231055935,28.961763204507275,10.440307686051055,2.5604141474063953,0.83412120209447838,1.4537500395100198,10.67598661439968
-50.493257601300826,-68.785952094053968,-86.447618814171079,-102.7475642907355,-116.95509505283036,-128.33951762953896,-136.17013854994454,-139.71626434313029,-138.24720153817967,-131.03225666417563,-117.3407362502015,-97.613152172856118,-74.656921110827497,15.379013399522027,23.652269715448565,3.9641697618316982,-8.1838668016803986,5.3175341340560305,11.065663038307783,5.274956714858746,-1.3099982512699455,5.0071046784453417,11.145584878539124,16.936434461180163,22.210645538537218,26.79921022277906,30.533120626074432,33.243368860592092,34.760947038500824,34.91684727196936,33.542061673166472,30.467582354260912,25.524401427421441,12.2684620443423,-0.95505782198867661,1.147639432139312,5.9350852858629475,-8.3785185998672773,-8.5663856953075808,14.39692590493692
