data/andro.json
{"header": { "parameterUnit": "m.s-1", "parameterNumber": 2, "dx": 1, "dy": 1, "parameterNumberName": "eastward velocity", "la1": 60, "lo1": -30, "la2": 40, "lo2": 10, "nx": 40, "ny": 20, "reftime": "2010-01-01 00:00:00", "parameterCategory": 2 }, "data":
[rows 0 to 19 of 20, columns 0 to 39 of 40]
0.3416867337640957,2.8849348465111238,-2.0787460328348573,1.3163496889338406,1.0229492410854986,5.0604309562409799,12.301247355220942,6.2019959335151622,-2.5707985874116233,0.18447754263886035,6.1398064929724043,-1.685285788826951,3.1745904231869266,-0.04268227619246532,2.0245946461530329,3.3320260724987443,-2.0824006438216816,-0.31931573776696159,-2.7932993730364126,-0.30533944809814478,-4.1193918665325917,-3.368065131249665,7.2444450457913003,-0.72484491486409253,2.9131606554370362,4.0488879144415151,9.6120064286562652,-0.57451862512999652,2.5169321968065277,-2.7107282365352168,-0.96619257419605309,1.6777078549708393,0.50953558958113299,-2.3340359836058164,1.922125375370539,-0.56591656816977765,2.0941915030803719,0.9220904862351551,3.4454179780828298,-1.5674634887832308
4.4109573580996075,2.761290291351548,5.774041855055283,1.3667090092531753,-2.4440372476710825,0.042997202559010766,0.3246583331087971,1.3347540591309315,-1.1041107675113802,2.4482508937936029,-0.17819846648403143,2.1826364542103374,-0.36219779679380582,0.070965481002404754,-1.3252045939084827,-1.7846806858250108,2.0705365790313053,1.004915535764084,-1.6596439885562284,-0.17526753662261946,-10.164268859383734,-2.772936105156945,4.6340786281571784,7.0564974927886048,-1.5071456028130361,6.1583834340758727,-13.911955719734669,-3.3645179429524497,13.038960459535275,4.9096050902544004,0.89557519568251742,-0.53428237791895639,3.7107386819327428,1.4586985219974662,0.20603189638193559,1.0082653071550816,-4.0471099169994291,-1.1825103138144335,4.8885689304153512,0.062284674158712083
2.6702923352407923,8.2268976168625478,-5.3428132810828881,0.098572311644639671,0.0012236393933490186,7.4081227392835354,0.82534127531155987,-4.1509627908030104,-1.3366305789375243,-10.430566798396136,-0.93844884999009515,0.72300534303732833,0.69552260697096069,6.7036096725869596,0.89139567270655506,-7.7271029688104775,3.921565703907107,8.1720053684405816,-3.6778947847802201,-1.6480868220051827,6.7807855541616346,-23.627801405701423,0.51864594864742986,3.8869383430802538,2.38929418381404,3.3792748763658018,-3.3476987702014456,9.0256156196112531,32.005181994856258,1.8355882122140175,1.5382808420838003,-4.4837088688586917,5.0927027178796198,2.9484036392538089,-0.51423117877972524,-0.056725757484200778,-2.9391033502862349,-4.0958761232786136,1.227849916475775,-4.0661698301480254
11.012833134605552,-15.522434781570784,5.5316299446076203,2.6607814580980294,7.828082201804115,6.4395137346697791,-1.0396029578047916,1.3938693407333997,14.907849846928249,3.4576738017379278,1.9931807064434492,-7.8721662626915299,-6.2505721881543552,-0.31968608310636382,3.5335623510699805,-1.3510207750352861,-3.0506563228425612,-4.4009482292263993,-6.1915162977675857,-1.2295921847403852,5.1796045833746867,-7.7641729782790749,1.6927950700372292,-1.6961995684225806,-4.6856432386209388,0.60929110525250829,12.960079353177568,-4.9354460541660057,3.181669564614773,4.1585077890224893,6.7284644003884058,7.8657292862056059,5.1234001259511706,-11.503327215851368,4.2177734784249257,6.2203010163129004,-0.98369917641094529,4.1774619499340684,4.2474813565005265,-8.1101458530156165
-4.5193334036227331,-3.5557126496395637,-3.2907330060390438,-2.0918450597756015,-3.6019151457621512,3.8924660653064977,3.251420051119243,3.0688059438516779,1.4759303344882428,2.8878187186716069,3.1769502369194038,-5.192382467319276,1.4878039200427158,-3.4186498419048483,-0.40680290366421767,-11.657140491723803,-9.0943139145468237,1.3992382999348569,-3.924257151507474,-15.434804970548891,9.3941684068029154,-5.1763964985463424,4.9164940046798851,-2.107706341487944,-1.1820253633741531,-1.855818941770583,-0.55182713008682105,3.0396116106483104,-1.1926539341517972,-1.697477479739381,27.326158939522632,0.069693819906647719,1.8684714030958198,2.8839662661126533,-3.5874447400647971,0.86096033821236329,-2.619260380228944,-4.2461558875071956,-5.2367878707856788,-1.115655255409546
-16.470516864123482,1.8220122335723683,-11.332381189098463,-0.17001172949910154,7.0993706073699805,-4.8792043248067003,-3.0900538627249103,22.907650601913794,8.2474069447770653,-5.0572837696701738,6.6632760465157039,14.520509225040588,10.355035001056864,9.9776634773677859,9.590823790258316,-3.047606901995453,2.2182919597763004,-3.4852639238243577,25.411548822593552,0.80953600501767387,5.3199977086000345,0.72621164228829682,2.02620832881545,-3.2666949888961918,3.2920149992774101,14.902278797851011,-6.5148245154287894,4.351724148814748,-0.06024310848442966,-3.3690795800297373,3.3743586047161607,12.517932211736674,-1.5121156783709782,-0.92002590604846102,-2.3153285138932223,0.73511194037464256,2.3250006634329128,-0.37278598745324226,1.5405070458734618,-3.3165822937243985
5.0914556128710746,3.0304126503358062,-3.994032904091056,1.4791647497244507,0.4682976613060299,-2.7277306460551336,3.8832223399301564,-1.0374349694883227,1.7943222553507148,-22.693972895687768,-1.5699708362655909,11.912120472006825,-3.3940694267819866,0.14905140372592943,-1.3396117018158957,6.0048579801273982,-2.4696544217949592,-0.72460049023864292,4.6550497768965808,-1.8588105580544396,23.185207987528052,-8.293681458591502,4.6990229273653288,12.4476556876369,-10.458663753581456,2.6789140636912454,7.6770786102110087,-12.777735640111061,-6.6992509431340341,2.4958560805407854,0.46083478591288396,0.36255019540164235,-0.89222832038615263,1.321935594158872,8.2983574743713131,1.1522593531084526,4.3169641390143099,5.7749108119173567,6.0933289743187542,-5.1802436261054581
-8.3993605186336389,3.8686923289390625,6.0049084328582119,-0.71145708506997674,-6.3755273317129584,0.81372987041993061,-1.510927237069922,-0.32095497847097487,2.074615191020964,-5.7894157683349547,-76.424814412535994,1.5777947152995284,19.456222224361877,0.047063913122686152,-30.24168346504376,-5.8658974158659278,4.3089817783622619,-5.0382839498757912,4.7624864506961124,-2.4509155826293174,6.5503829167408929,4.5793204650628931,9.748729460270992,16.012112676463762,-13.885752611033723,-5.837935171888418,1.5004097690789759,49.390474522198303,-3.4891770540678539,3.4085679361446637,10.179077524331879,4.9761227884559132,-8.9508251217130859,-9.9734247491363668,1.9611124402520725,0.25455537517597809,-2.7302160646256519,-2.2348651410753098,9.1996418862672176,-4.896028860513149
17.011422827994611,8.8720818305737463,26.017496927131219,-8.8275880489412497,4.3871566473256909,0.88596845008067926,1.2617597664202092,15.479588370247228,-6.3334033655194721,-4.0796542389168833,-2.2521888553458984,-3.3075868165981372,10.654841307232104,0.88129743157671947,-0.14159576131350324,2.631178426766164,-9.8065287741801477,-2.072811357512661,1.905241637480436,1.7269773672741129,3.4577887011694681,-0.32185524207588084,-2.595846485037077,4.3243418213286109,1.2975418968533132,11.119464382043033,8.860955552710589,0.30771576311310028,0.14284629680906852,-6.3248471324547522,-7.9080308449746513,1.3137032921657232,-19.655980704130808,-5.8054440044811306,4.9475734481161338,7.8047758543575476,-0.5186677621425726,-1.0837996763415274,5.9272131031123436,-2.8754861142634098
1.1580511508690488,-0.20483563687198686,-12.85630705211843,6.7352260350996014,-0.87693897653010544,8.44349679109677,1.0925761334253914,0.10838924350311054,-3.4797918771580258,1.2133886215619378,5.4873800423423171,2.4073950223378082,4.1965255941160429,-7.4124997322972543,0.72596206546128217,1.5797653850833131,0.49836670134068584,2.782171269544798,-10.972565381339351,-0.95688953074710414,-58.136033451632443,-5.0184097323330201,-4.5587536257333285,0.51615558391741911,23.196400941288982,17.41574323702979,-20.183556321270739,-36.704791097085703,-16.006126105920682,3.2415690403660382,-1.853247392705814,3.1150951913185008,2.3277819697346094,-2.4447466599573575,2.1976356474166807,-6.853129705148115,-19.980812832122936,1.8967720247800059,5.063635241416744,2.8708751799993939
1.2866944570035141,2.640460033798143,15.913009311265231,-1.8564313667902286,4.8153586449948049,10.929956787485089,13.85745697657403,40.67662849023111,49.592977394682428,38.188402244868684,9.6389983902385197,0.032248959344909983,-4.4282787457723698,5.7695533023583367,-5.7581309139321393,2.1714083947444998,-7.4215043343754736,0.40210177542023229,13.620492972349215,2.4607034263577869,1.1387401636422065,5.9278783160655166,-10.265880742759004,-2.0921486527900908,12.553712411162167,37.445566274975874,72.148655886931621,76.044588023818065,59.639858064144292,43.187225755814062,47.793054931987974,1.0796808658828492,4.4517570932676849,-2.9374914181820575,0.20830068954006264,10.1181276661952,-18.265228217075069,-4.8529677647424334,6.9778099406736498,3.0876242789140798
14.623646183015776,23.016705921741654,11.580009492129722,3.0222474928362968,19.621873941559851,44.644788710539309,41.189944446660476,27.634997957451418,13.29403834396261,1.0927282020611941,-6.0432698723857161,-4.9351639794140452,1.7799181154069383,5.3403318942964022,-6.4207487935153837,2.826070232595483,-18.576515791661176,4.6762531900104465,61.966746554395797,60.968833780262315,16.96664396319769,27.785519789322628,25.887387449622651,20.467026135552285,19.665123639145399,13.86105073528401,0.35729523694869503,-18.49999484020784,-32.611236983631066,-34.945174000345858,-28.714058666864275,-15.42773563197294,9.1676408437386172,-4.542056140206963,3.5907862104774293,-11.25022672382411,5.5734345575688957,98.586569156769102,144.25733354635744,141.9949378441118
-4.7237742785022441,6.9847776953064784,24.296617488554009,24.73074175205133,-8.6074789000936782,-39.836530567007607,-124.15423122617381,-282.80910893147791,-421.59009324884676,-489.49033343350504,-448.48567195333749,-278.69725521490949,2.8065298296646666,-4.214124581011534,-5.6521110400200412,-4.4500260078675584,50.021482921049987,176.41005460731853,222.56619835498964,220.40717169535634,29.760057103171484,36.207974082645435,30.976089459893917,14.11879580544394,-45.118644668580586,-116.70998274174242,-166.80555952539609,-190.7762641425725,-112.79746228865345,-282.70656408993864,-287.28885149600774,-188.08465903582331,-33.601897453182161,-3.1496351699092711,2.6678870760192335,1.6091775714590379,103.38206302072138,219.15913111024668,270.71087338264829,271.09687132281863
34.792628417452782,10.759020175287029,38.940065065295897,24.443777758806295,-56.217325747946518,-156.29515840103201,-237.47120404662596,-294.5375846526627,-322.86518934217338,-317.82490723818898,-274.78762746374036,-189.1242391418584,-56.205631395574386,-3.7368097276345917,4.9225418885146546,-8.7931996561635657,35.498930652464601,54.602348148507971,78.818416518622513,106.67286182706924,-5.7586972481979402,53.447679983617164,86.766946983186045,38.181338193206997,-46.661439502028223,-140.95177234531948,-219.6833585594396,-276.3204868609227,-311.85448636903811,-337.82858044098833,-363.03012300955186,-31.757500313153656,-14.065510301516172,1.1865099075844858,0.23233094927536158,-1.3943690544149339,-124.46688226494602,-196.7599852012076,-203.25097883322221,-178.52061490911677
61.910729153929793,131.83682404402646,112.46592030748414,53.768092160799199,-19.141736617934086,-99.437172210889798,-197.67743253207152,-322.60594601565003,-266.56101373806365,-60.69430004977216,-68.201209299650856,-71.444137960398066,-63.537524030774499,-39.278785426214526,1.8183004743757327,-1.7129126698188375,39.723542501040654,-224.16361087114669,-293.39050603713963,-270.81941705548377,149.46218939024038,157.49025439094069,122.07658612946896,60.578489132441291,-52.241362615013045,-227.95370062481913,-65.337287102031027,-81.827098612619324,-102.22618453095234,-111.03596476427312,-103.55734479363515,-79.106860562153088,-40.850395858982914,5.2545745653064477,34.54279620937745,-27.746195092227026,-66.241406441553409,-89.268315004451352,-117.03831932584171,-145.92851652845434
164.10817423963232,149.03852903412445,69.809680745798275,-135.35721472583737,-64.191563927948252,-95.717854595792986,-116.78407355272198,-120.45385061449475,-107.19312767090746,-80.372104825180472,-43.36098218053403,0.47004015981155334,44.33587087026595,71.620983249409335,78.015692539832614,-30.698415476818905,-75.290608304007108,-17.408767614354282,-61.994643550970054,-60.069832798791147,113.83165491402401,-30.189860708725462,-66.764688306336836,-94.122642605751679,-102.1703032524502,-93.533144463337081,-71.581366341632645,-39.685168990557145,-1.2147525133310282,40.459682986825413,81.967937406691959,117.49485670567714,138.8779840477286,143.03425084549801,127.03500848181793,78.538755908620743,-68.309774626063358,51.246118800214951,4.2031569923958108,-0.32342540775813505
-55.030969030433873,-60.890316128637544,-50.310524360577958,-26.661793829475492,6.6657879943168759,45.961838402577428,87.99812700687815,129.75453331121065,168.21093681956643,200.34721703593686,223.16419938796253,234.74646592075786,232.76541445370935,214.2923963696492,176.3987630514103,116.15586588182468,-23.076049056059567,19.691918117695693,-4.8544716082502859,3.1524872972724207,-122.49580705223545,-104.82680104052291,-31.968479931969423,26.235658313767448,86.080942330002983,146.18836644099679,203.53781015074043,255.10915296322571,297.88227438244365,328.8370539123863,344.95337105704482,343.21110532041098,320.79618110428476,280.19343883793965,220.90497526468613,140.00214176735673,5.7725068936057609,1.0760711572119439,-3.7641126402505476,-3.8186480777218672
-18.246749786419389,-42.065595081411047,-144.36733602408748,-176.48224192639961,-169.26267198871824,-69.930870285279951,75.443988530367676,198.09975382191985,289.11395717089954,346.73996149246341,381.09038756600603,392.08401216096604,376.70071478133491,331.92037493110405,255.35166413772228,154.28845501219328,21.287150818988128,1.4049515269301978,3.638131380338324,138.96655774995384,-15.592311684552035,-38.239092249503187,-59.47418244841468,-79.583352309205793,-99.298927912322668,-254.86829952663021,-146.7947909731468,-145.21172494932199,-75.636083055561713,40.910036703108915,157.95527403077898,242.0964965842459,286.68531897503232,288.34635048040127,243.70420037761588,149.56855514606445,9.2073822574238395,5.4465210529224439,12.256013169620502,17.358584018098423
-28.17630809599218,-51.727973924820986,-73.829208693079011,-92.319328973257598,-107.46407499560837,-119.99577284057752,-130.64674858861113,-140.14932832015546,-80.952019402413669,-78.099837943826245,-78.395731145367677,-39.08541171733372,36.648866106787253,94.344819366027352,106.84902009120152,71.019945248558102,-7.8215412478942818,-0.285172697617322,-35.56972013853111,0.030219534632201117,-48.996108632383532,-75.788491926508129,-100.51600554269011,-121.81461474822035,-138.42733665780676,-149.10596948325551,-154.29257474742411,-155.3790039949497,-153.09758330627864,-148.18063876185698,-203.98881256149625,-11.268121338387543,-14.850968641973996,-15.479880169174702,-4.4034615727705466,12.142953447203249,-0.03057017851050426,0.31241259150789552,1.9860045776278681,-4.5717455830089406
-39.409735963555335,-62.665121098980549,-86.751114557812571,-110.41073345475949,-132.38699490452913,-151.42291602182962,-166.26151392136896,-175.64580571785496,-178.31880852599596,-173.02353946049948,-158.50301563607383,-135.52331398273972,-108.92872296616495,-37.302612061972084,8.2403575652280132,-1.1856240820015798,-2.9954813273157521,0.05457229886472742,7.8866179557952405,-2.0402914306600239,16.332194604625762,2.8488191615018215,-11.138500202434582,-25.103508001481796,-38.519948749938152,-50.861566962101961,-61.60210715227155,-70.215313834745317,-76.174931523821527,-78.954704733798565,-78.028377978974717,-72.869695773648303,-62.952402632117717,-50.434529544625335,-30.577524972057407,-1.7890995945248096,-8.7973601637357177,2.8264058419507729,-1.594701771142385,-18.022508766553372
