data/current_07.json
{"header": {"parameterUnit" : "m.s-1","parameterNumber" : 2,"dx" : 0.250000,"dy" : 0.250000,"parameterNumberName" : "eastward velocity","la1" : 40.875000,"lo1" : 280.375000,"la2" : 18.875000,"lo2" : 303.875000,"nx" : 95,"ny" : 89,"reftime" : "today","parameterCategory" : 2}, "data":
[rows 18 to 35 of 89, columns 42 to 83 of 95]
0.1565480516292146,0.180577556602656,0.22171293944120354,0.21664029173552957,0.13625409128144345,0.029764429200440194,-0.01913533685728934,-0.012148226960562211,-0.021512153209187007,-0.057001615874469114,-0.0763847650960085,-0.09213537489995333,-0.14507509302347907,-0.21987179759889885,-0.24270547181367946,-0.14871836919337605,0.04048193013295424,0.2985787112265813,0.6334481388330446,0.9590495899319637,1.0877903252840033,0.9255910180509085,0.5713939927518366,0.2263986356556416,0.04909898946061742,0.049447255907580354,0.13420405052602297,0.2276417231187225,0.31251804903149627,0.36028915643692044,0.3471925109624863,0.27692388184368594,0.17019504867494095,0.07092110253870487,0.014191066846251547,-0.011266587476711682,-0.03195561445318175,-0.026566339191049736,0.02469741809181824,0.08945016376674149,0.1255823066458104,0.11795162409543967
0.11094581615179734,0.13363496121019108,0.07510138535872113,-0.02770565648097537,-0.11929304897785195,-0.18895754124969263,-0.22252227459102888,-0.2238767743110657,-0.26446226052939875,-0.36454171873629054,-0.4303070902824398,-0.4035099092870949,-0.35621635429561155,-0.3709870148450141,-0.39111285656690675,-0.31528043933212846,-0.1569352550432094,0.0239320173859588,0.185933423228561,0.3223585542291396,0.4152326844632621,0.39917247556149926,0.2720847930759189,0.12542641302570676,0.046472762012854114,0.035823277197778246,0.05042479443363848,0.08123229397460821,0.13784541282802837,0.19326408021152067,0.18423404544591948,0.10057145915925507,0.014951337361708077,-0.04267095890827487,-0.08767861407250159,-0.12181152030825604,-0.1365000251680612,-0.09316097572445882,-0.0074773307424041025,0.04269717913120965,0.038741065654903525,-0.004974530340405186
0.025206725113094002,-0.0005192011594768037,-0.10285894526168654,-0.22326991148292985,-0.3200306631624696,-0.3753943070769306,-0.4054723884910342,-0.4485844206064936,-0.5392431914806362,-0.68253668770194,-0.7949731647968289,-0.7953687720000745,-0.7252937294542793,-0.6478727944195275,-0.5380196608603007,-0.39836625196039743,-0.2758675925433641,-0.18101714085787585,-0.14005331741645977,-0.1418048888444904,-0.1398895988240841,-0.11799309449270408,-0.07390804914757665,-0.01102372957393576,0.0394440214149653,0.01909618568606702,-0.06151584908366167,-0.13812290225177978,-0.17401454783976064,-0.17265169695019703,-0.17892199382185905,-0.19181816373020397,-0.17085276171565067,-0.14516459126025444,-0.14077655691653485,-0.1260294886305928,-0.08283176552504301,-0.02902323845773935,-0.013159828551579279,-0.04784124437719593,-0.09014904778450743,-0.13268351275473841
-0.1345205074176189,-0.1826746584847567,-0.22579460684210045,-0.2711729668080803,-0.3141667488962406,-0.33861567825078887,-0.36370313353836453,-0.44089229591190726,-0.5924335196614257,-0.7768936045467849,-0.8999013304710388,-0.9254177883267406,-0.8980382084846501,-0.805642601102591,-0.6192897371947768,-0.42197290621697897,-0.3115532994270323,-0.2941157538443803,-0.31768683344125753,-0.3443662375211717,-0.36903528124094026,-0.36691990308463596,-0.29686994291841995,-0.16140885371714828,-0.06113066617399434,-0.0909398044459518,-0.1961750183254476,-0.28519433178007575,-0.35497089475393306,-0.4283044524490836,-0.4753276873379947,-0.4224234987050294,-0.29153947904705985,-0.20138408895581944,-0.16475854441523546,-0.10407116496935503,-0.022826657863334012,0.009720509871840444,-0.04234991827979685,-0.12869058502838032,-0.1721125794574621,-0.17418365366756944
-0.25815946981310833,-0.2905646562576295,-0.2655762266367676,-0.19532242882996786,-0.12375909695401738,-0.08989615784957941,-0.11102641467004945,-0.21417985018342653,-0.38564114831387925,-0.5428991504013536,-0.5995330251753331,-0.5639411285519603,-0.5084298346191648,-0.45093133673071883,-0.3853214979171751,-0.325447224080562,-0.2975960373878472,-0.3247945252805944,-0.3563275095075367,-0.33273810148239136,-0.2848726119846106,-0.2662220895290374,-0.2521120961755512,-0.19865860790014245,-0.1533480435609816,-0.17243194207549073,-0.23058874998241635,-0.29374324344098557,-0.37102622725069556,-0.45511600561440047,-0.48515007831156287,-0.4208094589412212,-0.316883550956845,-0.2553870659321544,-0.24388650525361286,-0.23465819377452143,-0.20969305839389582,-0.19368490204215072,-0.204610877670348,-0.22941162809729615,-0.22837262973189396,-0.18775899522006548
-0.2078810539096595,-0.2599684428423644,-0.2456075837835672,-0.14611491002142468,-0.034594316501170584,0.04613142274320137,0.08609459223225728,0.04621262452565138,-0.03900029533542697,-0.0663358024321497,-0.002434902926324844,0.11287278821691876,0.21378011908382186,0.2163629215210679,0.10195043915882757,-0.04687213152646971,-0.16003145743161404,-0.22120206709951137,-0.22930408176034675,-0.18666595686227083,-0.11915338831022391,-0.07247377885505568,-0.06893407413735997,-0.09960217494517586,-0.13609088864177485,-0.15091305691748857,-0.16257780417799933,-0.21444298885762683,-0.28943013213574903,-0.32026342861354395,-0.2870056517422202,-0.263800388202071,-0.2937374096363779,-0.3283751923590896,-0.3729353304952381,-0.4648812022060155,-0.5370904058218003,-0.5104124732315545,-0.4123925156891352,-0.3284579664468771,-0.28865695185959384,-0.25313193723559424
-0.14038355648517614,-0.22925202921032903,-0.2599617801606657,-0.20920387376099883,-0.12676873104646877,-0.018020712072030362,0.11745306197553815,0.21569928620010548,0.2810712810605758,0.3927881885319944,0.5403022579848765,0.639704067260027,0.6534743010997776,0.5741051919758325,0.41211522743105944,0.22517386451363589,0.07836394943296912,0.005815774638904307,-0.012490953027736274,-0.029524261946789823,-0.049770445097237825,-0.04165971977636227,-0.02801455999724581,-0.057944254018366476,-0.10880361031740918,-0.12691740086302172,-0.12006054492667322,-0.1306366613134742,-0.14806381426751622,-0.12879161303862943,-0.09610122116282589,-0.12961252871900777,-0.22978952247649398,-0.3160092979669568,-0.386404976248741,-0.4948364160954952,-0.5898633971810343,-0.575361412018538,-0.4629617929458624,-0.35380543768405964,-0.30806364491581956,-0.29171677120029965
-0.2866275180131195,-0.3369610160589217,-0.3645283523947001,-0.3643542584031824,-0.30516835302114576,-0.18044162448495754,-0.013839605264366964,0.17752054752781868,0.4102923665195693,0.6468113251030437,0.7863941863179201,0.777481414377689,0.6638230495154858,0.5485921427607539,0.4532926250249149,0.33449717611074464,0.21040166914463057,0.11937452666461475,0.06714480975642804,0.021510150283575155,-0.04731081775389595,-0.1092189028859137,-0.1449983678758143,-0.17580800689756856,-0.19772452116012568,-0.19897492323070773,-0.1800385154783728,-0.1447041854262355,-0.1045922050252558,-0.07005659909918895,-0.06170864542946217,-0.0927754337899388,-0.14584790728986263,-0.20267877448350172,-0.25150639191269863,-0.28914788737893105,-0.3230208344757558,-0.34106418862938903,-0.3119687419384721,-0.2572209769859913,-0.24030501861125242,-0.2586687728762627
-0.5286316759884353,-0.5328653119504451,-0.5405987687408924,-0.5742977447807791,-0.546154104173184,-0.4622703902423392,-0.34145076386630663,-0.11535824555903806,0.2006644681096065,0.4656284339725962,0.5726212747395032,0.5204325392842288,0.3976380452513693,0.3263697903603314,0.3066626302897929,0.24740641284734016,0.13465458061546107,0.020349924452602995,-0.049071856075897764,-0.07993216207250942,-0.12900441233068685,-0.21012886147946097,-0.28734558448195435,-0.33592711761593796,-0.3504852689802645,-0.33781704492866993,-0.30382204614579705,-0.24836354143917602,-0.19108816049993066,-0.15963053237646826,-0.1536461682990195,-0.14658736903220454,-0.13113070419058234,-0.13782724365592006,-0.1541229328140615,-0.1283643567003308,-0.08216167101636512,-0.07815062627196294,-0.09367675986140953,-0.09434120077639799,-0.12322807312011683,-0.19324266072362628
-0.5604989938437934,-0.6165390349924562,-0.6603217758238314,-0.6937074214220047,-0.6839948445558549,-0.6508206985890869,-0.578660815954209,-0.40080630406737416,-0.17690344806760633,-0.008594979532063667,0.07650034222751814,0.08134360285475836,0.0592612707987427,0.07606246508657917,0.11083638202398999,0.08626434486359356,-0.017279361025430134,-0.1336070736870168,-0.20330754481255991,-0.23015645146369917,-0.2575965113937853,-0.31536462157964695,-0.37453639507293685,-0.40343824774026843,-0.41007913649082156,-0.3886447567492723,-0.3391801454126836,-0.28501860424876235,-0.24404518492519883,-0.22857519146055016,-0.22711224388331208,-0.20629122108221087,-0.16249462496489323,-0.1359180780127647,-0.12949328124523166,-0.08813227526843533,-0.003971292404457682,0.04734095465391915,0.03312114439904742,-0.003243945306166441,-0.056912250351160154,-0.1486288462765509
-0.35050300322473016,-0.4589784573763605,-0.5536401607096193,-0.5819478370249271,-0.5632458738982679,-0.518242631107569,-0.44661247171461615,-0.36277806758880654,-0.2877429109066729,-0.2215676903724674,-0.17969509959220906,-0.1604610001668335,-0.1153043643571438,-0.03594485321082192,0.01626288716215635,-0.006825262040365388,-0.08424559142440542,-0.15459013637155278,-0.20081344526261075,-0.2445926200598477,-0.2907552570104598,-0.32859689742326725,-0.3420295640826224,-0.33235516585409625,-0.3144472707062958,-0.27943343110382557,-0.23570960387587547,-0.21798419021069995,-0.22165789641439915,-0.22269359230995198,-0.21662438847124604,-0.1996947880834344,-0.15718961600214285,-0.1054206411354248,-0.07110039587132656,-0.035712426761165324,0.02045977069064984,0.0510383925866339,0.014321195660159484,-0.04552659392356831,-0.09502272680401766,-0.16062618978321516
-0.11054514814168212,-0.17926376406103353,-0.27092961780726893,-0.3147554378956557,-0.292171869426966,-0.2262378139421347,-0.16043527051806478,-0.13152078771963743,-0.11632064636796748,-0.09451722307130724,-0.10544954566285027,-0.1255001612007619,-0.0845621209591629,-0.019868497154675487,-0.010336527717299551,-0.04245856893248823,-0.05815273942425824,-0.048624718328937784,-0.06451067863963535,-0.12807691376656283,-0.18317279126495112,-0.18736213911324734,-0.160518242046237,-0.12999451905488976,-0.10141344415023938,-0.07870360976085075,-0.07674423698335878,-0.10837184777483322,-0.15969769190996866,-0.19365076534450051,-0.20298396702855845,-0.198577345348895,-0.16995233483612593,-0.11651471117511446,-0.0570041297469293,-0.005259970668703758,0.01856227545067638,-0.005281551682856019,-0.06364349788054817,-0.11609227256849403,-0.14472545590251693,-0.15334176830947416
0.03307512693572767,0.04989899531938125,0.02066559472586964,-0.026105487020686248,-0.029464884428307504,0.007101346913259378,0.029414518503472178,0.017809302895329823,0.00732773065101339,0.004723989812191395,-0.015143968397751548,-0.0319138187915087,-0.023262013914063573,-0.034694934263825264,-0.08255502860993116,-0.10138322459533786,-0.05722425016574555,0.0035405119415372094,0.021782591473311137,0.004005114664323611,0.011340502358507315,0.059128592722117825,0.10710641834884874,0.1298303389921783,0.1266296296380459,0.10156833566725253,0.07210865523666153,0.03835288481786862,-0.0284516626270486,-0.1190528976731001,-0.18748078867793092,-0.20947997085750142,-0.20423833094537308,-0.18549889046698861,-0.1253709271550185,-0.046623051632196356,-0.026637075003237025,-0.06682774284854569,-0.10491568595171002,-0.12056860653683564,-0.11132764769718084,-0.05403428454883443
0.08767861826345284,0.15739785972982612,0.2069648792967199,0.20707257557660344,0.18061116058379423,0.1417002389207484,0.08316017314791702,0.01544177200412395,-0.03114153048954894,-0.05162931326776743,-0.05527945887297398,-0.05637740506790577,-0.08902157377451644,-0.16148954816162567,-0.22407316230237473,-0.21898660343140372,-0.14823652710765622,-0.06228724797256315,0.019360432866960483,0.1115809935145077,0.210524530149996,0.2773924078792332,0.2918681390583514,0.27139760740101326,0.2347150240093469,0.1970519218593836,0.1779769528657198,0.16749508026987317,0.11470739915967004,0.008173570269718983,-0.08692783117294306,-0.12500273529440178,-0.14504070580005668,-0.15869404096156392,-0.11814683256670878,-0.04988524131476921,-0.024818931706250033,-0.03039075015112788,-0.025228291982785166,-0.006363392807543585,0.03789826773572679,0.11271489318460186
0.10197414085268926,0.18312279414385513,0.25615107826888533,0.27712347544729704,0.2416974995285274,0.16479153465479637,0.06611886969767536,-0.021487477933987774,-0.07805197918787583,-0.11233582859858858,-0.1353886378929018,-0.1641631182283162,-0.2181512881070374,-0.2817237712442874,-0.3167158663272858,-0.2991784680634739,-0.23723926581442384,-0.14860478881746556,-0.021215639892034566,0.14602946490049323,0.29216665588319274,0.35112386010587204,0.33302527666091913,0.2906340807676315,0.25148511677980423,0.22232907451689243,0.20410875137895343,0.19232062622904775,0.16875638812780389,0.12082594865933076,0.07718848995864402,0.05208075558766729,0.027475156122818617,0.020889875129796488,0.052105607930570695,0.09399183699861156,0.1293378826230763,0.16932561621069891,0.2031343923881648,0.2224998222663996,0.24848790932446693,0.26519608870148637
0.0792411887086924,0.14860036410391297,0.19039247278124075,0.18177058920264244,0.1376586575061084,0.0800100537016989,0.019025972287636358,-0.03843026747927054,-0.0942662754096088,-0.1496157152578231,-0.2003372795879838,-0.2426969902589916,-0.26660485565662384,-0.268850926309824,-0.2588334865868092,-0.2404428049921991,-0.20754717290401475,-0.15146176051348456,-0.053999080089852325,0.07946270518004873,0.19599468261003475,0.2587130907922982,0.2797213587909937,0.2736783772706986,0.2433665487915278,0.2020821692422032,0.16050536464899773,0.134014799259603,0.14020884782075882,0.16667955555021763,0.1869767690077424,0.18526648450642821,0.18355385307222602,0.21418015193194148,0.2590168602764606,0.2859150916337967,0.3062379714101553,0.34558069892227644,0.37612028419971455,0.35858229734003527,0.31669452227652056,0.27104581892490376
0.022036342183127687,0.08642561547458144,0.11606269236654024,0.10986862750723952,0.08485522493720056,0.05122089688666166,0.009639507741667334,-0.03800892923027268,-0.09127731854096036,-0.14678627159446453,-0.19837290793657283,-0.2348933732137084,-0.2389045394957067,-0.20841225888580098,-0.16813104320317515,-0.14342165458947426,-0.12882561329752215,-0.1028399555943907,-0.0624116486869753,-0.013887450855691087,0.04329696157947168,0.11040562670677886,0.17596628144383425,0.213019210845232,0.20737641025334594,0.17561365105211726,0.12787403259426353,0.08208988746628167,0.07916377671062942,0.12222908297553647,0.1619477095082401,0.1738598784431814,0.1955393692478536,0.2508332328870891,0.30037389509379847,0.30754785612225527,0.2927730903029442,0.29635063931345934,0.29961242154240597,0.25002995785325755,0.16552250273525704,0.10335503332316867
0.034225719515233954,0.07856171717867227,0.11268645524978611,0.14481102023273684,0.14912096504122008,0.10345245990902185,0.03200331015978011,-0.023350331233814383,-0.04963529156520972,-0.06949344556778678,-0.09911635937169196,-0.13237996585667133,-0.158124472014606,-0.15525266248732814,-0.12301323469728241,-0.09746025642380121,-0.09389912243932497,-0.08646200783550761,-0.07259313715621853,-0.062224119203165354,-0.0300470326328652,0.032576193334534556,0.09858424402773365,0.13971402682363973,0.14800850395113216,0.136473917402327,0.1041994355618954,0.05576783954165874,0.030094276880845313,0.050542161799967136,0.0831460179761051,0.09861834114417423,0.11305055022239664,0.1396720791235563,0.15546554047614308,0.14509445521980502,0.12343935947865223,0.1043422566726801,0.08710872195661044,0.045426605734974035,-0.0282040388556198,-0.08129247650504125
