data/current_07.json
{"header": {"parameterUnit" : "m.s-1","parameterNumber" : 3,"dx" : 0.250000,"dy" : 0.250000,"parameterNumberName" : "northward velocity","la1" : 40.875000,"lo1" : 280.375000,"la2" : 18.875000,"lo2" : 303.875000,"nx" : 95,"ny" : 89,"reftime" : "today","parameterCategory" : 2}, "data":
[rows 18 to 35 of 89, columns 42 to 83 of 95]
0.19223885610699612,0.27653050422668435,0.31368272192776236,0.16075906436890428,-0.022102650720625748,-0.13835066091269232,-0.26153718680143323,-0.2836571987718344,-0.149080679751933,-0.07639108458533915,-0.13247769791632896,-0.1049279789440334,0.06338581070303895,0.13691481249406895,0.026755203260108443,-0.12634968850761652,-0.26364553719758915,-0.4217250030487765,-0.5630066059529778,-0.4887464754283432,-0.11947798775509053,0.2619938701391215,0.3857692815363402,0.32547746784984993,0.2959826271980993,0.3258699420839545,0.3187062479555611,0.2677689734846363,0.1757921827957041,0.08689512778073559,0.02097034058533639,-0.12216960079967926,-0.24060167372226732,-0.2215939862653618,-0.19821981620043516,-0.19685881678014971,-0.21385877020657051,-0.22643165942281465,-0.07371251145377751,0.1517579611390827,0.23433745652437193,0.2200345890596509
0.2347996514290567,0.30373418889939796,0.2828820217400796,0.07208749791607319,-0.1347216367721556,-0.21888588275760393,-0.2567873671650881,-0.2743785120546815,-0.22277676966041346,-0.1631334675475957,-0.15359548479318622,-0.09391169715672763,0.02230616053566265,0.05428167711943308,0.03444224991835587,0.042807113844901254,-0.006026212126015909,-0.13245199713855899,-0.2533944305032488,-0.24479267746210098,-0.08637919509783405,0.03726442926563296,0.04245209752116322,0.06789776752702836,0.22209655400365513,0.37835196405649146,0.4057286083698276,0.3648143727332364,0.2679058387875567,0.11588619323447366,-0.04848822788335389,-0.25146624818444235,-0.3676513209939004,-0.31361217796802554,-0.2528232084587215,-0.23823844455182536,-0.2245663991197945,-0.15758871193975216,0.026510178577154937,0.20215454511344427,0.2197810886427759,0.15995335951447492
0.2782100550830363,0.2546189697459345,0.14104497013613648,-0.06557657499797608,-0.232913197018206,-0.28332396596670134,-0.285776743665337,-0.31440501846373037,-0.33834203705191607,-0.31382056884467613,-0.2066905125975612,-0.023062413791195273,0.09219477977603568,0.0881918119266618,0.12578801438212306,0.207473112270236,0.173490898683668,0.013431124389172412,-0.15575767960399342,-0.17262419871985893,-0.04338715714402504,0.025730943772941474,-0.0018857307732109488,0.044457013485952865,0.2190756611526009,0.35157261788845046,0.3614016547799113,0.3544041942805062,0.31148302182555315,0.14914120268076703,-0.09432044858112958,-0.3219586238265041,-0.3978988099843266,-0.33530493080616003,-0.2824315782636402,-0.24968944955617176,-0.18805298488587166,-0.08251029672101158,0.07001311983913182,0.18868356291204683,0.17967057321220636,0.08932815445587056
0.25469671189785015,0.17888723686337527,0.027454595081508756,-0.17909553833305797,-0.314461927860975,-0.3337007779628035,-0.3446087222546334,-0.41775792092084835,-0.518868189305067,-0.5162914842367177,-0.29145026765763843,0.01565191522240536,0.17354520410299187,0.24950728751718876,0.3763027265667907,0.4145947359502317,0.27641315292567104,0.048049830365926825,-0.16257607750594566,-0.20015186816453914,-0.05188833177089708,0.08203300717286716,0.12951217126101214,0.193197320215404,0.2658967562019826,0.2603957317769528,0.2312526730820539,0.2641791980713613,0.2639102907851347,0.11494376510381749,-0.10260103130713115,-0.2503561750054364,-0.29620489291846785,-0.2895207926630974,-0.25205154530704005,-0.1765432478860021,-0.10587079403921981,-0.06674591125920423,-0.001974557002540786,0.10517663462087486,0.1370149012655019,0.053761690156534515
0.18900118488818407,0.15784823242574958,0.048499130643904986,-0.15510572632774616,-0.30152814649045406,-0.34615666419267616,-0.41833775676786833,-0.5862013250589364,-0.763726640492678,-0.711757179349662,-0.34646418131888046,0.031012663617728975,0.21360214985906964,0.380950927734374,0.5796425379812714,0.5674432143568998,0.3147152680903681,0.01080447435379078,-0.1919954884797332,-0.19221297651529304,-0.03887939010746796,0.10921073611825673,0.23102336842566704,0.33431586436927313,0.30969689600169675,0.18147652782499807,0.13367934059351702,0.18768306542187957,0.16844432428479236,0.016119382577017467,-0.09959747875109284,-0.10492286458611501,-0.13961384352296613,-0.22753940988332044,-0.21804267261177318,-0.10297490470111396,-0.043112480314448594,-0.08224062388762832,-0.08293018396943833,0.042581412475555705,0.14561297371983517,0.08929314045235542
0.12514143250882623,0.14802344702184211,0.1402662131004043,-0.016684134490786727,-0.20248502399772306,-0.3109312858432526,-0.4695678707212203,-0.7408667355775828,-0.9351357296109205,-0.7795942723751083,-0.2928565265610829,0.13798903487622613,0.29290189035236724,0.38492199778556757,0.5262886509299279,0.5044572371989496,0.24969298578798832,-0.041050314204767145,-0.17805083282291886,-0.110740791540593,0.03518136288039367,0.1321904975920914,0.2351446105167267,0.34186853468418105,0.30457589216530345,0.154693492688239,0.07981045683845894,0.09969424409791819,0.07471257820725438,-0.01596043957397299,-0.05158071825280711,-0.04200991452671553,-0.1050551654770972,-0.2244612760841849,-0.2570624835789207,-0.15485428925603675,-0.04841358144767621,-0.03416012565139704,-0.02984320500399951,0.0730068664997812,0.18678252957761282,0.14730872213840523
0.034785035415552716,0.07900281390175232,0.18608302529901302,0.10502040479332313,-0.08515585213899488,-0.19127462431788367,-0.38693062402307926,-0.7471362017095085,-0.9371846988797192,-0.6777805499732507,-0.13256754819303873,0.26963281258940586,0.3231727592647067,0.2580187208950515,0.30194717086851597,0.2975096050649885,0.12000658782199074,-0.08326640957966423,-0.1663591330870986,-0.08453726023435616,0.0726564221549776,0.1688571944832799,0.2201324142515656,0.2718675360083578,0.25279553513973985,0.15213827975094377,0.06562408083118522,0.03844359540380514,0.030036833020858168,0.015617380733602072,-0.016564403660594328,-0.10243518231436533,-0.2034003566950561,-0.2892434205859904,-0.3594753481447701,-0.30359896831214495,-0.10156599897891364,0.07166393403895141,0.128237760160118,0.16573341283947204,0.22216705605387688,0.18415587302297393
-0.06896058842539761,0.008214545669034116,0.1896380539983511,0.17539671622216757,0.038550915196538915,-0.005437305662780216,-0.18792990595102244,-0.5728203691542144,-0.7403843030333521,-0.4620353970676669,-0.0025209388695666274,0.25394586846232337,0.21031005401164238,0.10615083575248685,0.11908130347728714,0.10650909878313557,-0.018286404199897837,-0.15088369231671067,-0.2109435927122831,-0.14995767828077103,0.013920516939833382,0.15046667680144277,0.19786377158015933,0.22146635595709063,0.2215459430590274,0.16054475028067877,0.08704641554504652,0.05390487657859899,0.055235894396900936,0.05219263699837066,-0.02556043677031883,-0.18513461109250692,-0.3071305826306343,-0.37046820670366337,-0.44326956197619505,-0.4034343101084241,-0.1556903920136402,0.1215179702267043,0.2433391520753499,0.24701570346951476,0.2399510657414795,0.1929329950362447
-0.1331881238147616,-0.0019369216170164027,0.1654398450627921,0.18637698329985153,0.14530311897397072,0.15097194723784965,0.017341626808047947,-0.2603548103943461,-0.376128377392888,-0.2102841073647147,0.04204649757593802,0.12981121614575344,0.057958832941949125,0.02667577948886872,0.04439350427128366,-0.026163280475884336,-0.16212647687643728,-0.25240042246878136,-0.2629507090896368,-0.206140322610736,-0.07779366662725835,0.05994670395739342,0.12958093360066375,0.18408786784857484,0.2226125271990896,0.18221534416079546,0.12798839341849083,0.11473008850589377,0.11268074670806544,0.08168107178062248,-0.030579776503144918,-0.20475010480731645,-0.3375953920185563,-0.4169450458139184,-0.46673093736171795,-0.3929225541651259,-0.16137227695435388,0.10520325321704058,0.26705460436642126,0.2707654181867839,0.20495165046304492,0.14136130083352344
-0.19251010101288585,-0.027762537589297153,0.11307898070663185,0.16254916228353966,0.19430541712790728,0.23074931930750614,0.19351915642619164,0.061121357139200506,-0.04716547718271585,-0.01204532093834155,0.08130063908174599,0.05466352682560672,-0.013187286967877477,0.03185434453189337,0.046269136946648394,-0.11640458088368119,-0.3124045543372626,-0.3682248946279287,-0.3082445487380028,-0.22937732562422758,-0.14178056269884137,-0.03468620195053551,0.061208384577184596,0.1564171519130466,0.22650313004851338,0.2185997515916824,0.1903946995735165,0.18422069121152138,0.16085456311702753,0.0934118456207221,-0.02614379976876014,-0.17409990914165901,-0.30942351371049837,-0.42486715875566006,-0.45765573158860257,-0.3180223777890214,-0.08978435117751454,0.10877688927575863,0.246159957721829,0.2425185199826958,0.1242734016850594,0.03630782361142341
-0.2835379298776391,-0.1360524818301207,0.04569319402798961,0.15404793620109536,0.2217602878808974,0.2873122803866862,0.3134726807475091,0.23198255151510283,0.1068664081394676,0.09147893590852615,0.12587965326383704,0.06358268996700649,0.02271631627809232,0.10152734257280786,0.06985616823658364,-0.19564917590469044,-0.4426648728549475,-0.4634668566286563,-0.3552034702152014,-0.26327168941497814,-0.18997479043901,-0.08513657143339548,0.042461795266717464,0.1600205888971685,0.2488097157329319,0.2780572082847354,0.2565725091844793,0.22364440932869883,0.17868434637784963,0.09881613543257159,-0.01670675305649568,-0.13538073422387176,-0.2550500910729166,-0.39510023780167086,-0.4335801843553784,-0.24543361179530696,-0.0018078703433282647,0.12326091201975883,0.19491142407059633,0.18701048195362108,0.04615831491537428,-0.06585690611973409
-0.36041177250444895,-0.27059297077357825,-0.05001478688791467,0.14565153513103676,0.2742456961423156,0.3691525980830191,0.3834205586463214,0.2764172405004506,0.15210466179996768,0.12262131320312633,0.12094028107821948,0.08402825146913528,0.11111737089231583,0.1812923001125453,0.06465504178777381,-0.25554525852203286,-0.4888432603329415,-0.49195809289813036,-0.40691825188696384,-0.3349520526826383,-0.23669058177620206,-0.08693850133568089,0.0681229410693047,0.1949971634894608,0.29367534071207024,0.3271224480122325,0.27333050407469256,0.19616286177188139,0.15053438860923038,0.0974793224595489,-0.006018316606059119,-0.10801170486956788,-0.19471347425132962,-0.3284751269966361,-0.3825401701033116,-0.1964505994692451,0.028406939469277352,0.09010406862944333,0.11889328481629458,0.12998913414776328,0.0033455077791589346,-0.10789682622998957
-0.3644196093082427,-0.3278121668845419,-0.1349095492623754,0.11640969756990602,0.32586352713406047,0.44731646776199335,0.4182332567870619,0.27948821708560023,0.16848736349493298,0.12063711741939218,0.08015617402270461,0.07691525714471933,0.15366706904023864,0.18576036486774694,0.020905735669658268,-0.2655919473618261,-0.4421489611268041,-0.4597436171025038,-0.44648168049752707,-0.3962591420859099,-0.2398241590708498,-0.04017388261854693,0.11595623521134224,0.2291446961462495,0.30874025262892224,0.3190843258053064,0.24270515982061622,0.13395956251770244,0.06948629883117954,0.03583568846806884,-0.03200807655230142,-0.10067913075908999,-0.16060795821249463,-0.2679045628756282,-0.2977657783776523,-0.1357333539053803,0.015238430525641592,0.029464509803801647,0.06573825189843754,0.10292673669755453,0.01136508118361242,-0.052355119260028116
-0.30709761381149275,-0.27479398809373395,-0.13869224907830413,0.09267232869751686,0.32613569870591125,0.4485093280673027,0.3835749477148058,0.23220076039433507,0.1430317340418699,0.10629842570051577,0.06495186407119066,0.06352279405109593,0.11307281441986554,0.10380934877321146,-0.034617816330864415,-0.23152022808790151,-0.3524578493088482,-0.38694425858557224,-0.4063430186361074,-0.3486421182751656,-0.16652722656726873,0.023664376232772687,0.14114895462989777,0.21830166876316043,0.2717070225626229,0.28089393302798277,0.22359951585531235,0.0926583209075033,-0.03855143394321212,-0.09434724831953656,-0.1031872294843198,-0.11516600986942652,-0.17000294104218466,-0.24319586902856813,-0.20690647512674354,-0.06663052760995963,0.0028541918145491042,-0.0014118216931820748,0.06038800138048814,0.11914579384028903,0.0714280335232615,0.059958217199891584
-0.23078845161944614,-0.17159688100218773,-0.08306142827495959,0.08630574541166383,0.27779602259397485,0.3632095456123353,0.28266729786992095,0.15339830331504367,0.09959094086661952,0.08538382174447197,0.05030620726756782,0.026186641538515895,0.03212567686568949,0.014000171329826283,-0.06581325619481466,-0.17978242784738502,-0.25441704690456374,-0.2718958985060454,-0.2593950033187866,-0.18024238198995596,-0.04565300233662145,0.052042704774066584,0.10934924660250513,0.17301479261368488,0.23109703417867425,0.255444422364235,0.21606162004172796,0.07049760827794675,-0.11825248179957262,-0.20027860533446087,-0.1643477259203794,-0.14243146777153026,-0.19867256842553607,-0.23356951773166656,-0.14460294228047157,-0.013768152100965693,0.02764570014551267,0.023967459914274417,0.08734656590968354,0.1577588729560374,0.1353762680664658,0.11188647989183641
-0.15649299509823306,-0.08294518012553438,-0.03631590586155653,0.06821411172859353,0.21547984424978486,0.2734045479446651,0.19276025891304038,0.08609187137335561,0.04801675723865651,0.03849731851369164,0.0020053649786862023,-0.02509998914320008,-0.014495998038910295,-0.01402901613619168,-0.062082167714834005,-0.13847012724727364,-0.1820668866857884,-0.1600165255367756,-0.08866232493892323,0.00858166065881955,0.0749249621294439,0.0787180908955633,0.08705444866791338,0.13763474859297253,0.1920828223228455,0.21841302793473005,0.1871927492320537,0.05697984155267488,-0.12518915208056552,-0.20906131714582457,-0.1752681853249672,-0.16219653841108095,-0.20562495570629832,-0.20220316946506509,-0.09998949989676502,0.02271416923031182,0.07588956179097277,0.08042857004329548,0.11117207398638108,0.1537385676056145,0.12865892704576248,0.07131972583010782
-0.072569115553051,-0.019034513505175446,-0.018111105193383784,0.040809270227327964,0.1690971395000815,0.2219148874282838,0.1404366176575425,0.02836624928750138,-0.019879302475601036,-0.031106664799153576,-0.05717595922760665,-0.05536012770608077,-0.0027356331847840933,0.02208841184619829,-0.03191896283533405,-0.11714828293770524,-0.15101015008985966,-0.09970725886523718,0.008324927999637851,0.11797502124682055,0.16534130368381744,0.14731815177947288,0.131083565764129,0.13820219039916976,0.1555229621008038,0.1673778491094708,0.13475767243653536,0.03596075600944475,-0.09270123112946739,-0.15824026428163068,-0.1543861525133255,-0.16199912875890746,-0.1718592597171664,-0.13492195773869758,-0.0564597677439453,0.026112839113920757,0.08812061278149465,0.11687383800744981,0.1069465870968995,0.08345857588574275,0.05187827884219582,0.009577830322086815
0.0116516796406361,0.0362200646195564,0.012249261606484955,0.04896656540222481,0.14611709024757155,0.1670753918588163,0.07695566536858708,-0.023595511913299127,-0.06661479035392359,-0.08487964654341314,-0.11122211674228313,-0.09184660576283951,-0.001493587013101286,0.06321678729727881,0.013036916963756393,-0.09889458119869203,-0.13907686714082937,-0.07349304389208552,0.034534636535681666,0.1515232119709252,0.23016116302460435,0.23321537952870142,0.20208842214196915,0.16577828768640737,0.14584907516837112,0.13273504935204986,0.07518455805256971,-0.012260493065696116,-0.08000374166294934,-0.10794845176860707,-0.12646309379488255,-0.14988365396857278,-0.1303898412734271,-0.07696523610502488,-0.03582932939752943,0.004613295604940422,0.06687982263974822,0.11382037773728337,0.07924577733501773,-0.0012460157158785336,-0.03788650385104126,-0.03137482376769187
