data/current_07.json
{"header": {"parameterUnit" : "m.s-1","parameterNumber" : 3,"dx" : 0.250000,"dy" : 0.250000,"parameterNumberName" : "northward velocity","la1" : 40.875000,"lo1" : 280.375000,"la2" : 18.875000,"lo2" : 303.875000,"nx" : 95,"ny" : 89,"reftime" : "today","parameterCategory" : 2}, "data":
[rows 54 to 71 of 89, columns 42 to 83 of 95]
-0.11613827617838986,-0.0066268679220229665,0.021118721924722212,-0.019543448812328168,-0.01673639763612284,0.05354940192773952,0.126891100779176,0.1398653574287895,0.07284604641608929,0.0183715593302625,0.06452905526384728,0.10514471214264659,0.046674494165927574,-0.016876823734491737,-0.0335753532126543,-0.06495829694904359,-0.11331938346847874,-0.12383226724341498,-0.08604390732944008,-0.03613879298791293,-0.016744125110562808,-0.026339316624216555,-0.00864835130050767,0.04532794980332259,0.08422863716259607,0.09629932837560784,0.09936448279768234,0.08781801071017989,0.05130873550660927,-0.005380138987675103,-0.06167366402223699,-0.10314883198589087,-0.13711965270340437,-0.15917966514825815,-0.14521499164402482,-0.0883384216576815,-0.004319001454860144,0.07087070122361168,0.10102983238175509,0.09664038941264151,0.09171781316399572,0.06221618782728914
-0.08242994919419291,-0.02417428989429028,-0.013341191981453459,-0.034774518338963334,0.015346452069934569,0.11981301289051785,0.16525392048060927,0.13249298371374646,0.07895918237045436,0.05675524403341141,0.07767554605379727,0.08311407500878008,0.059544953517616114,0.042004569899291064,-0.010004968382417778,-0.09594908077269762,-0.13628931995481242,-0.12386399507522575,-0.09428996080532666,-0.06767470529302956,-0.08704888448119148,-0.13446959992870666,-0.10470893653109663,-0.0017879932347568896,0.0557349172886462,0.0522737640421839,0.05910910340026025,0.0790371494367719,0.06164571503177302,0.004301554174162659,-0.043254856951534734,-0.05813746340572841,-0.06869595311582083,-0.08927148301154364,-0.09579261159524313,-0.05980768380686642,0.007051430118735748,0.0547128396574407,0.06893538171425462,0.09386029420420523,0.12592046149075026,0.09112250525504359
-0.04941271874122318,-0.027171914465725398,-0.021501839277334497,-0.0077924752840771655,0.07178616663441072,0.15342739038169398,0.14436897821724448,0.09148925961926617,0.09353775717318079,0.1280636060982945,0.11883987206965721,0.08217452280223403,0.08887677080929297,0.09868819499388358,0.003092585364357081,-0.13693127967417207,-0.17720276582986108,-0.13786880858242503,-0.10022918973118063,-0.09365758392959826,-0.1534116603434083,-0.22757003735750886,-0.1836435943841934,-0.05020186235196898,0.027594883693382165,0.03634331864304853,0.045649621170014226,0.06751420116052036,0.07292644074186695,0.04232204426080005,-0.00940852038911539,-0.04412490292452279,-0.04880538326688109,-0.044875235063955084,-0.04937944491393851,-0.038157420931383926,-0.0038530437741429264,0.02675258636008943,0.05918258335441351,0.11363040283322333,0.14382147137075668,0.08961461624130622
0.006187826045788895,0.004146701889112707,-0.002223965042503478,0.0353458947502077,0.1060194382444025,0.124480396974832,0.08310266071930557,0.06456197169609393,0.1264984509907664,0.19395678304135822,0.1711923535913233,0.11317052831873331,0.11483312258496892,0.11653604544699209,0.006075622281060053,-0.1530705261975523,-0.20964820776134713,-0.17035196721553791,-0.12675626669079057,-0.12591222021728737,-0.19554288778454032,-0.27913700044155093,-0.25492050871253014,-0.12634501047432437,-0.0030142794712447697,0.06929926062002782,0.09381367173045885,0.08242288231849682,0.07415488082915556,0.06786357937380683,0.022328592836856932,-0.040163602447137174,-0.056762343971058664,-0.033105909009464016,-0.01733284746296698,-0.00790225624223237,0.0031128691771300588,0.012843644828535635,0.05202123266644776,0.12722345255315304,0.15336690656840812,0.0771612832322719
0.09538581222295767,0.06811407394707222,0.03168230457231418,0.05822585127316418,0.09260180266574036,0.06416861922480192,0.038736876100302,0.07615651283413183,0.1577865229919553,0.21556863375008123,0.20000422559678585,0.14800104126334224,0.11983325565233842,0.10142005886882559,0.017960714409128217,-0.12124063074588733,-0.2063416680321095,-0.20540634077042325,-0.17104804143309577,-0.15475160628557177,-0.20398370642214977,-0.3030392695218322,-0.33874559961259365,-0.22842544969171305,-0.03410886914934985,0.12638907181099052,0.1811557235196234,0.1323869195766749,0.07629507686942832,0.07066492224112161,0.04471360193565496,-0.028843769570812444,-0.0638954036403446,-0.035619422560557674,-0.00235758887720299,0.016403487941715835,0.023359821992926348,0.01252795755863198,0.02912991913035512,0.11161288665607566,0.1607792526483537,0.08334149373695288
0.18064953386783603,0.12462585279718064,0.048193536931649086,0.04091575811617085,0.04762148996815096,0.017815776402130945,0.02818111446686107,0.09271939145401127,0.15563716925680643,0.2011095741763712,0.2229273868724706,0.19213763438165218,0.11963091976940657,0.06944089010357875,0.029846202232875242,-0.055348484311252416,-0.15435157623141968,-0.20978376828134032,-0.2105892319232223,-0.18754153605550497,-0.2126839244738218,-0.3200568929314611,-0.39174763113260264,-0.2814469281584026,-0.046872561099007955,0.15375522058457128,0.22640359774231922,0.1582737928256395,0.07409424148499986,0.08121875068172818,0.08007747028023011,-0.0052247471176086,-0.06361151696182772,-0.035939341178163844,0.0043662937823682685,0.01885318174026907,0.019352666102349814,0.004916498175589429,0.014759307552594674,0.09865096351131791,0.16293029300868528,0.08803735487163108
0.22625802364200356,0.15420498698949836,0.033879589755088334,-0.018139169376809084,-0.012358897773083239,-0.013295126147568084,0.018496988457627716,0.08676600549370059,0.1353910183534027,0.18382906913757333,0.24975668266415607,0.24762842617929007,0.14036917313933403,0.0511379456147554,0.040202531265095154,0.012230525258928912,-0.08638865407556252,-0.2027371851727362,-0.2572908606380221,-0.23424557782709576,-0.22062552813440545,-0.2944646477699278,-0.3518724516034125,-0.24618979729712018,-0.03705726028420043,0.13470041938126084,0.19673424214124688,0.14049457106739305,0.07458046823740024,0.09342467179521922,0.09946367749944336,0.007926713791676063,-0.06676234025508149,-0.04077768232673403,0.007246047403896256,0.008001079375390064,-0.010663874767487796,-0.004368610214442035,0.045314281713217434,0.12130882404744629,0.14580427762120993,0.056500979699194945
0.23120675887912517,0.1447946019470694,-0.0068043477367607606,-0.09514739830046887,-0.08544598473235959,-0.0538257292937486,-0.005193921911995761,0.0744025758467615,0.13698103372007614,0.19118068553507334,0.26386569812893873,0.28220763616263883,0.1904617343097928,0.09413892775774033,0.07240056339651381,0.042288095923141075,-0.06951870699413072,-0.2228140290826554,-0.3118315730243917,-0.27375862002372725,-0.194994306191802,-0.19978046044707287,-0.23370660096406923,-0.16941509768366808,-0.027128666522912678,0.0912838783115149,0.13292711600661283,0.10848408751189721,0.07732535246759668,0.08438992081210023,0.08142283372581012,0.005705556832254155,-0.07448597811162452,-0.06071855942718681,-0.002060056838672566,0.001112600089982302,-0.030354725662618782,-0.0043985608790535966,0.08066477067768568,0.13602842204272764,0.10372646059840962,0.0028641668614005564
0.20784460287541162,0.1049153497442605,-0.04444381478242556,-0.14961819443851693,-0.1574738984927534,-0.10357122821733343,-0.017728148610331083,0.08398372540250416,0.16239428054541352,0.2123306784778834,0.25486806407570844,0.27333517372608196,0.2381151001900437,0.17501507699489624,0.11621126113459508,0.04001954989507844,-0.0832947192247952,-0.24437135737389276,-0.3455250896513458,-0.28767738305032237,-0.15410280413925648,-0.10164757911115876,-0.11762927845120412,-0.09347428847104298,-0.013238535262644223,0.05842796317301699,0.07893329672515395,0.0687965005636216,0.06495991372503357,0.0759614328853787,0.07090733153745546,0.004775828099809873,-0.07993335649371126,-0.07888499088585377,-0.00900744786486029,0.01373418635921567,-0.021139306772965792,-0.01756960002239788,0.04549551452510061,0.08084552455693504,0.03745508426800417,-0.04103941377252289
0.16977602150291213,0.08316720649600043,-0.04022023302968571,-0.1558044953271744,-0.19480702467262728,-0.1274323826655745,0.001867503888206525,0.117628620006144,0.1801251973956824,0.20830619148910054,0.22349188569933182,0.2332842350006105,0.23734084703028227,0.20679248869419126,0.13200952718034425,0.04787116474472034,-0.06159879313781807,-0.22846661414951036,-0.33910480886697736,-0.27624551579356177,-0.14243730809539545,-0.083666591439396,-0.06747620808891938,-0.01975089148618271,0.03632898256182683,0.06541925971396281,0.05987550783902416,0.0380947990342976,0.043591129826382004,0.07626712974160924,0.07278306968510166,-0.0017111843917515836,-0.078832146245986,-0.06559964269399646,0.010910329816397252,0.037906743353232894,-0.013866476714610816,-0.061701515922322675,-0.04934744909405698,-0.023964364081620962,-0.03836914943531115,-0.06886064470745579
0.11006369208917022,0.07446856936439876,-0.005333728040568364,-0.11241202102974031,-0.1741546764969824,-0.11124573368579145,0.04590290761552745,0.16107979137450457,0.18486623931676163,0.18864626437425625,0.18964876793324958,0.1784370075911286,0.18068772368133096,0.16747978795319818,0.11293799430131944,0.05882772128097754,-0.02894230489619031,-0.19356801174581004,-0.3007718939334151,-0.2505715508013962,-0.16236584074795227,-0.12697817850857956,-0.062132644001394434,0.04815146978944546,0.10545671312138455,0.09880904527381087,0.06980616925284286,0.039388249628246004,0.0421141264960172,0.06539487186819333,0.04421763261780158,-0.024787154397926982,-0.06697727902792375,-0.03350178361870348,0.02759576297830793,0.03213931352365781,-0.03039932157844278,-0.10058393562212561,-0.1268009003251789,-0.11390630202367878,-0.09400972956791487,-0.07102314429357609
0.021372404880821677,0.034109524451196166,0.018990945711266354,-0.04418950551189459,-0.10667895153164843,-0.059745626524090725,0.09871514420956364,0.20481716562062505,0.19610405247658508,0.17907677032053487,0.1677247481420638,0.1281861937604848,0.10245079360902343,0.08763604937121294,0.05242971610277917,0.019365667249076388,-0.03890956286340917,-0.15639773197472057,-0.24262977577745884,-0.23030384816229318,-0.18565444089472272,-0.13667103275656686,-0.02324119769036762,0.10545882862061272,0.1410347083583476,0.11052681179717212,0.08518617926165485,0.07649338524788635,0.07262114249169849,0.03843550884630555,-0.030762848444282842,-0.07195514580234871,-0.05603003967553363,-0.016900629212614055,0.004408793873153746,-0.009048618027008893,-0.04702185955829895,-0.09520461782813044,-0.13985943049192404,-0.14907118864357444,-0.11263911146670548,-0.05323588196188173
-0.05958808050490912,-0.02952398313209416,0.02031382743734873,0.023818470072001413,-0.011509021162055207,0.023731024004519055,0.15019739605486385,0.23065293207764628,0.20397621113806985,0.16526995319873114,0.1455673454329374,0.10274055041372814,0.05001652613282245,0.00511880102567407,-0.041285332175902786,-0.07153312396258096,-0.08650337113067484,-0.11746043805032938,-0.16641833912581175,-0.2046437067911026,-0.18768091965466716,-0.0833660284988581,0.06707367626950154,0.1553340908139946,0.13410125207155968,0.0841810470446947,0.08429027348756817,0.11122000869363566,0.10194884007796666,0.01133507583290365,-0.10693137533962713,-0.12960738129913804,-0.06950593483634278,-0.035141400410793514,-0.042756078531965475,-0.04956692503765214,-0.04305341537110488,-0.055081729544326365,-0.10390522377565468,-0.1393703622743484,-0.11055686231702533,-0.0410133874975141
-0.08330109529197205,-0.06289112707599996,0.02179792022798211,0.08614793885499251,0.09301668498665114,0.11947183310985576,0.18609844241291285,0.21522208955138933,0.1738881012424829,0.126234698109329,0.11523799365386389,0.10029824124649199,0.04357380094006701,-0.03957535279914693,-0.11378736700862616,-0.15224904567003233,-0.1460438277572392,-0.1059146453626452,-0.09130208985879992,-0.13599628722295132,-0.13922508060932134,-0.02094493026379486,0.1289732614532114,0.1846389491111042,0.1301893563941124,0.058242768747732335,0.05376720381900698,0.09240288240835093,0.08834917005151531,-0.0073057319968936295,-0.1308603873476385,-0.15354971867054698,-0.09481115313246828,-0.06972305616363858,-0.08392125507816656,-0.07643449539318671,-0.03530373307876275,-0.010802407981827584,-0.054571630666032,-0.11928572738543108,-0.11264882003888456,-0.04350568098016046
-0.0711466553620993,-0.04511665250174698,0.043966596713289584,0.12846381589770323,0.15997300297021882,0.18170254491269605,0.19687363412231218,0.17075086664408462,0.11450323928147582,0.08198045473545815,0.09569046925753374,0.10551595315337206,0.058254942530766546,-0.03768802480772086,-0.13569599390029866,-0.19658460095524763,-0.1980692846700548,-0.12225758889690035,-0.03374440013430993,-0.033581043127923836,-0.05825395835563507,0.004284688795451206,0.11688897106796509,0.17833398003131165,0.143280119635165,0.057586951181292874,0.017128173261881218,0.038968450389802685,0.041401593014598066,-0.029394990531727457,-0.11688305204734195,-0.1336366524919867,-0.09715389320626838,-0.08637441368773557,-0.10702459188178162,-0.10399717371910795,-0.04672135529108333,0.013165614567697286,-0.00635991618037177,-0.0813435495365406,-0.10233268281444872,-0.05505439522676131
-0.08277936233207576,-0.028131783357821384,0.05894266907125709,0.1320005720481277,0.15827059652656333,0.17141533177346005,0.17794112768024217,0.14896386023610847,0.09829385671764637,0.07923103775829099,0.09613291686400793,0.09238211298361451,0.045416656415909945,-0.028602980077266187,-0.11987213557586024,-0.19623908214271035,-0.2085903007537125,-0.12402175227180118,-0.004304513800889084,0.023820624453947312,-0.02014952839817817,-0.012400945415720179,0.06659928290173418,0.14285408705472957,0.1475121118128302,0.07736844709143073,0.013495274120942037,0.011427753721364002,0.010286806209478664,-0.04602967924438397,-0.10580226080492118,-0.11064663855358942,-0.0861351503990589,-0.08247011899948102,-0.10253699356690027,-0.10029229335486868,-0.04174188897013646,0.023916900390759374,0.018116920487955625,-0.045422046910970966,-0.08418732322752434,-0.07856997195631218
-0.11815421842038623,-0.051016200566664345,0.035073155304416986,0.09342489158734682,0.10180765390396126,0.10200887639075525,0.1357999006286264,0.16175280418246998,0.1469330107793214,0.12941950000822566,0.11297615431249175,0.0635045843664561,0.0009409352205698197,-0.047655700240283747,-0.10211661737412167,-0.15850799065083226,-0.16497065033763625,-0.09671592805534586,-0.014229518827050695,-0.0070002002175893994,-0.05189653486013383,-0.051492230501025735,0.013830967189278592,0.09358200011774911,0.13212684448808448,0.09913008473813555,0.04325196938589229,0.03147775807883599,0.028378603165038062,-0.029531690524890786,-0.09575096517801251,-0.10349279455840557,-0.08097088802605852,-0.07467358978465186,-0.07330073206685458,-0.04623316926881649,0.008664516033604944,0.040553700993769204,0.009728893870488198,-0.05000654119066857,-0.09506891062483148,-0.11815576534718224
-0.1337958853691815,-0.08546078018844125,-0.02009081863798204,0.020209085894748565,0.01676248724106703,0.017187432153150453,0.08168019680306313,0.16147765237838033,0.1927720792591573,0.18602255173027535,0.14112344197928944,0.05959519743919424,-0.013093166518955954,-0.057643902255221764,-0.09398758411407428,-0.11971272435039244,-0.11141723673790661,-0.07365501881577045,-0.052782926009967604,-0.07777441968210008,-0.10669170459732388,-0.09007161902263741,-0.0313834018306805,0.0448916368186475,0.10313402954489004,0.1076229815371336,0.08453109255060565,0.08602657401934274,0.08742225589230666,0.02949405764229616,-0.051978647708892406,-0.08580565033480485,-0.08369469875469786,-0.07797954045236097,-0.051255921833216964,0.005892030545510508,0.05547019303776344,0.052362130954862,-0.001212113071232597,-0.07229239400476176,-0.13523002946749288,-0.1650288430973883
