data/current_07.json
{"header": {"parameterUnit" : "m.s-1","parameterNumber" : 2,"dx" : 0.250000,"dy" : 0.250000,"parameterNumberName" : "eastward velocity","la1" : 40.875000,"lo1" : 280.375000,"la2" : 18.875000,"lo2" : 303.875000,"nx" : 95,"ny" : 89,"reftime" : "today","parameterCategory" : 2}, "data":
[rows 54 to 71 of 89, columns 42 to 83 of 95]
0.06990660633891807,0.07054753368720401,0.03965543908998359,0.007667708327062267,-0.0014122162247078834,0.033221335383131864,0.0874230326153336,0.11225709831342089,0.1105023995041846,0.11817483557388174,0.1352977566421031,0.13663900550454852,0.13031960558146238,0.15390609577298162,0.18702062685042617,0.1825285833328963,0.16502828244119888,0.16587392427027225,0.1638176338747144,0.13836520723998547,0.09057169174775481,0.014660341257695126,-0.07650313852354883,-0.1417678697034717,-0.1724309455603361,-0.20753910299390552,-0.2538651302456855,-0.27895612455904484,-0.28322141058743006,-0.2909687142819166,-0.29543830454349523,-0.2636826634407045,-0.1930815503001215,-0.11787861306220307,-0.06477516144514091,-0.02821850788313898,0.001217922879732219,0.009999877482187083,-0.015968238702043717,-0.045820630388334206,-0.03160234424285577,0.005857627606019523
-0.00047562411054988263,0.00747837382368728,-0.011096980888396639,-0.021481961826793978,0.0028274481883271176,0.05372789409011587,0.08699220791459071,0.07433596299961201,0.058329383376985684,0.09245338616892682,0.135467885993421,0.1303304731845856,0.12395053543150424,0.16949881240725506,0.21525292564183465,0.20303985476493835,0.1645717108622193,0.1478284997865557,0.1448672525584697,0.13240843638777727,0.08955295290797952,0.0057649239897729024,-0.08874682895839206,-0.14986257813870907,-0.1813812386244536,-0.21147521585226067,-0.24538815859705215,-0.2683291751891375,-0.26832190342247497,-0.24980589374899875,-0.22608393616974368,-0.20401738304644834,-0.17602907121181502,-0.13080148771405234,-0.08261746540665635,-0.05382678890600802,-0.049010436283424455,-0.06590773211792102,-0.09180065104737864,-0.10066685313358886,-0.08569165877997854,-0.07021879241801769
-0.09199967002496146,-0.0680260430090131,-0.06302821869030605,-0.04356500646099455,0.004642847867216856,0.0298655945807695,0.003279544805991441,-0.04401512932963675,-0.056627853540703765,-0.008654489065520634,0.05309353186748908,0.07923955516889683,0.09759771032258854,0.1330037456937132,0.1547268498688934,0.14033034909516554,0.104202290996909,0.07510864920914162,0.060204215347766786,0.04197308723814782,0.0022674120264128393,-0.05895485053770234,-0.12422747863456597,-0.18340065516531462,-0.22661161795258525,-0.23756922222673907,-0.22585340123623623,-0.22349713277071723,-0.22904105111956605,-0.2112935651093723,-0.17583205271512287,-0.1598179107531906,-0.1625803001224995,-0.15261267125606542,-0.12297066580504185,-0.09363550180569295,-0.08694553142413494,-0.10586937749758353,-0.12340618856251226,-0.11493121832609161,-0.09852224914357043,-0.10365650616586175
-0.16303811781108402,-0.10258596017956749,-0.06823987979441888,-0.03903706581331794,-0.0123684066929855,-0.03482774831354616,-0.09500109497457734,-0.12697630561888218,-0.11062970850616703,-0.07291107997298255,-0.0352167813107373,-0.0019069202244283608,0.02152927150018495,0.025849726749583884,0.026066560065373556,0.03518610529135891,0.03232650551944957,0.005000928067602148,-0.03067393903620546,-0.0621560115832835,-0.08705266518518318,-0.1095015532337128,-0.15798565279692403,-0.24410679377615446,-0.3097926434129477,-0.3009476196020843,-0.23822357226163168,-0.18529929593205466,-0.17366379126906403,-0.17331766989082106,-0.15661574900150307,-0.1439611949026585,-0.15036974940448994,-0.15836141165345896,-0.15089349076151845,-0.12815001886338,-0.10696653509512546,-0.10291352821514003,-0.11639038333669292,-0.12865897128358472,-0.1265652193687855,-0.12591074965894203
-0.1669824821874501,-0.09246353525668397,-0.0516893777530641,-0.03649924928322434,-0.04882243322208521,-0.09449227387085551,-0.1372772911563515,-0.13708881940692666,-0.11767727183178074,-0.11518151406198748,-0.11100300867110505,-0.08142417948693056,-0.06297968211583808,-0.08230211539193998,-0.09292391175404205,-0.0591220448259266,-0.01814226136775699,-0.0162082983879373,-0.04888867377303541,-0.08305080560967318,-0.09837406594306221,-0.10529522737488145,-0.15068694110959763,-0.2349569387733936,-0.29131638444960123,-0.280340449884534,-0.22204460576176657,-0.1645366931334139,-0.14812359400093558,-0.15353160444647074,-0.13879866246134046,-0.11614556098356842,-0.11213304288685313,-0.11772476136684407,-0.11724870512261977,-0.1087270071730017,-0.09868874819949262,-0.09485845360904921,-0.11082170670852051,-0.13936564140021787,-0.1484253918752073,-0.1382944313809274
-0.10120904538780454,-0.04992537060752514,-0.02960713254287838,-0.048698378261178676,-0.09340518945828073,-0.1346001802012324,-0.15232634451240307,-0.14907852932810792,-0.1536320028826595,-0.1777352085337043,-0.18143058381974705,-0.14305220823735015,-0.11421594303101315,-0.13345449138432747,-0.1516905557364226,-0.11228050664067282,-0.04044128069654121,-0.002948983616079233,-0.020370297832414428,-0.06093007605522863,-0.08642729558050634,-0.09190674545243392,-0.09948899270966659,-0.10975570278242236,-0.11263858620077373,-0.11350994510576126,-0.11347185820341106,-0.1126432050950825,-0.11680769780650732,-0.11449100077152251,-0.09151052497327328,-0.06589455902576444,-0.05948695191182191,-0.062417527195066165,-0.06037328206002704,-0.06136810407042486,-0.0778704457916317,-0.09712825529277304,-0.10077305370941742,-0.09561532037332635,-0.09867959283292266,-0.1080375625751909
0.004220446746330784,0.020499269594438468,0.014855550311040217,-0.03415017738007003,-0.10196868050843473,-0.14505240507423878,-0.1664230274036527,-0.18198660388588908,-0.19499117974191904,-0.20702980365604162,-0.20353194233030086,-0.1703179730102421,-0.1287697879597546,-0.11081730667501698,-0.1037408658303321,-0.07144424831494696,-0.021218193229287922,0.0015834518490010073,-0.026385911158285938,-0.07649913243949405,-0.09770409530028706,-0.0659579401835801,0.0055482171010224,0.07939333003014314,0.11421600356698036,0.09942348580807457,0.05102882930077625,0.006219520873855879,-0.004659111524233567,-0.001872864959295816,-0.005915783927775898,-0.0066811983124352705,-0.007969371858052856,-0.019234958686865793,-0.02786426595412185,-0.03422006126493197,-0.0577371956314889,-0.08148946566507195,-0.06294897804036717,-0.023119902238249546,-0.025960657047107424,-0.06756817642599294
0.10908928140997891,0.08776063146069653,0.05413216887973252,0.0020509959431365596,-0.06816243939101686,-0.12591794924810518,-0.1573063675314187,-0.17076928634196514,-0.16591183096170423,-0.14715879317373037,-0.13773695006966594,-0.13638794142752894,-0.10734564764425172,-0.04497875529341415,0.00943839526735235,0.029988683061674196,0.02743117336649448,0.011243537592235946,-0.02483772882260383,-0.06444498198106885,-0.06168141448870308,0.008405039901844996,0.1242149341851471,0.22284881211817253,0.25877328775823116,0.23831275012344127,0.1830017203465105,0.1303550535812974,0.11334647983312604,0.10689926054328681,0.08544648578390483,0.07243174081668267,0.06998568866401926,0.053834861144423644,0.03269462147727624,0.02678912784904259,0.024549085181206673,0.018359617562964822,0.019773931708187177,0.01631649676710405,-0.019870511256157884,-0.07537130545824715
0.10670808888971803,0.07172147557139394,0.04549733852036291,0.026325158425606794,-0.017657361226156243,-0.06836443534120906,-0.08443990303203457,-0.07062306813895702,-0.04872338939458134,-0.031237066606991007,-0.03673015348613264,-0.06659600744023922,-0.07204003306105738,-0.023902071523480208,0.025320287095382712,0.0349125823704525,0.030745856929570357,0.029603296774439423,0.02037755970377462,0.011653569526970204,0.02442940743640048,0.0663183317519723,0.1357045397162436,0.2102315137162803,0.2558611752465366,0.2581800110638141,0.23046274017542598,0.1917656399309635,0.16103285271674395,0.14897689595818522,0.14660027436912068,0.14349360484629883,0.14098417479544895,0.1368475509807469,0.13424803223460927,0.14567949250340476,0.16377418581396358,0.15676345210522444,0.10461047897115393,0.024494989542291068,-0.05445324955508063,-0.10923140542581632
0.01862345915287732,-0.009022054146044027,-0.0007971292361618294,0.0245717513607814,0.03004569106269623,0.02017157315276557,0.03472793905530114,0.07280107587575901,0.09483225084841244,0.08730314159765837,0.062014443334192024,0.019871286582201754,-0.020939259091392083,-0.037563750753179144,-0.042635586345568306,-0.04095796425826855,-0.01580178760923459,0.01586831035092457,0.03997399075888078,0.06318810838274631,0.0712293069809673,0.05113112251274274,0.04077809583395703,0.08247492322698212,0.14888979494571664,0.18908659555017931,0.19698144495487205,0.18553525302559137,0.1654963325709105,0.155070229433477,0.15111421328037988,0.13842034712433823,0.13222218584269294,0.14848477113991984,0.172808905132115,0.18878659512847676,0.1921474365517499,0.1674419129267338,0.09586368128657383,-0.004277799744158522,-0.08967635827138976,-0.13082430791109761
-0.004113864342798444,-0.05092679942026739,-0.044201729586348056,0.002052868541795601,0.0549310883507131,0.09029899351298797,0.12724185269325955,0.17356603220105157,0.1957954438403248,0.18728151451796288,0.16781729459762573,0.12940199207514533,0.06665156595408933,-0.0007144763367249061,-0.05077868537046007,-0.07254607602953911,-0.0685111256316305,-0.04541649878956394,-0.004672278300859249,0.03268104139715413,0.031553397187962975,-0.005038518924266237,-0.023473607143387365,0.011126539087854137,0.06882983958348614,0.10628041578456747,0.12244102638214822,0.13696983736008406,0.1540282424539328,0.152373000048101,0.11371815996244561,0.06656597601249821,0.057270510587841265,0.08121578581631185,0.09453882602974784,0.07659698417410273,0.04988671070896107,0.03146564739290646,0.0009695759508761611,-0.055407924111932155,-0.10654026269912684,-0.1194729302078482
0.042500946437939995,-0.03451891872100534,-0.06073449016548698,-0.022233923897147272,0.05186490737833074,0.12169917533174152,0.1762344874441623,0.21756868436932555,0.2401024485006928,0.24006847757846114,0.22651160787791016,0.20107783284038314,0.15090878121554865,0.07559527875855586,-0.0034673417685551385,-0.07438772730529297,-0.12605142034590244,-0.12255885731428873,-0.06485139275901036,-0.0217889019986616,-0.02925347816199076,-0.03236689034383759,0.01423018827335891,0.07363832881674158,0.09927475731819861,0.09351712511852378,0.08802731754258271,0.11207821266725658,0.15314908418804404,0.15917349327355626,0.10036438656970864,0.02612742094788701,0.0011620118457357702,0.004940667422488328,-0.01674289774382476,-0.06260670674964774,-0.09031265834346405,-0.0798633727245032,-0.0581244148779659,-0.056329047074541214,-0.06498742103576632,-0.058574765454977445
0.04996777069754892,-0.007623790355864915,-0.04085703496821225,-0.013369662396144177,0.06484089023433617,0.15724441502243272,0.22081399802118537,0.2385333850979805,0.23615979775786403,0.21961241960525518,0.1898209974169732,0.17090708296746024,0.1560842478647829,0.11154809175059215,0.03738556418102257,-0.04815130634233339,-0.12166522303596133,-0.1364013887941838,-0.07937701232731353,-0.020068919868208593,0.0006650321302003057,0.0372795820003374,0.1143324603326617,0.1754528265446423,0.1846991963684558,0.1588020455092191,0.1316626062616705,0.128826817497611,0.14026887435466048,0.13557358458638188,0.09857578016817568,0.04781498387455935,0.015060021309181985,-0.010028959368355564,-0.04988014884293072,-0.09028662554919713,-0.10169384488835927,-0.0747801540419459,-0.030062793288379817,-0.0023164518643168583,0.0014532625209542627,0.002271353849210095
0.006139102450106239,0.005230292998021458,0.004967082568327864,0.03273356996942302,0.09830917092040166,0.18102700076997266,0.23131009470671407,0.21786337811499837,0.17111948598176246,0.12331329658627518,0.08412545453757056,0.07222280930727722,0.0821027988567948,0.07981128292158247,0.04899369180202494,-0.001803050283342435,-0.06011486449278877,-0.09591602114960548,-0.06724048079922804,0.011301969410851504,0.08877702476456756,0.14331332035362718,0.1747461631894111,0.18788021989166723,0.19406162016093714,0.18990218639373765,0.1616649627685546,0.11878492217510933,0.07875233981758352,0.05038659926503892,0.04254355328157538,0.04703022656030949,0.03975611878558992,0.017203192226588726,-0.013055118382908385,-0.044105678796768105,-0.0622919152956455,-0.05021473835222418,-0.010222145414445463,0.026177833788097113,0.03600550454575594,0.030783000285737473
0.013008001435082375,0.028874800540506788,0.05211774026975031,0.07158143213018767,0.09461495280265798,0.12101937737315883,0.13014712464064354,0.1046181754209101,0.057493856176733964,0.017805109848268302,-0.00018440415442459355,-0.004358231555670557,-0.001964987139217639,0.009234717406798067,0.01852523686829952,0.009310515888501044,-0.01918140496127294,-0.04779684077948323,-0.03814392769709229,0.028101662639528492,0.10793056758120656,0.13999465573579076,0.1158291860483587,0.0806675632484257,0.07456528348848215,0.08886678004637352,0.08287449786439531,0.04506632010452442,-0.0015723389806226928,-0.03700006706640138,-0.04078028118237865,-0.016098119143862315,0.00011921721306862825,-0.0007068692357279597,-0.008123494393657905,-0.024172257515601762,-0.04243312403559673,-0.045941076241433475,-0.023591250414028615,0.015028252149932243,0.04375563841313144,0.04245827929116814
0.12128168530762201,0.10694001708179715,0.10551547678187491,0.09290855191648008,0.06603558314964174,0.024232618394307723,-0.019944729516282785,-0.04010070487856876,-0.033713711774908145,-0.012037252774462284,0.007797330268658533,0.0001999140949919061,-0.03209586301818492,-0.05224069161340599,-0.04159163031727082,-0.019038310507312445,0.0008599869324826064,0.017736575158778654,0.028031748719513513,0.035826458362862544,0.04171424591913822,0.02585801226086915,-0.01864603476133195,-0.07036406360566612,-0.0973274759016931,-0.08778175292536623,-0.06788651505485192,-0.06448537902906565,-0.07168962154537471,-0.07844539219513566,-0.07903399970382476,-0.06995519017800697,-0.05954186944290997,-0.052961629582569045,-0.042080042418092524,-0.018946189433336237,0.008478456293232819,0.026095569017343386,0.029244934325106636,0.036163056269288195,0.049136551329866184,0.03750324063003086
0.233763742260635,0.20111108198761954,0.16713660210371029,0.120652151759714,0.05662715411745018,-0.021622152416966852,-0.08892428968101747,-0.1088270163163544,-0.07729636644944568,-0.02198870270513023,0.018094158847816073,0.01564310380490487,-0.017593194614164552,-0.04957641731016342,-0.05505961133167157,-0.02699042076710624,0.022783117950893845,0.06800675299018621,0.0698656402528287,0.022872151690535355,-0.034198029665276374,-0.07808536756783725,-0.12062791362404823,-0.16978300735354424,-0.20750155393034223,-0.21202737744897618,-0.1865971898660066,-0.15052813198417456,-0.11408311035484106,-0.07710092840716272,-0.04914716049097503,-0.03655079356394719,-0.03297341195866469,-0.03129207133315507,-0.017949000233784353,0.025272319326177198,0.08328374475240703,0.11608673166483643,0.11033444292843352,0.0901359538547696,0.0674832779914142,0.029325391165912304
0.27464465796947485,0.2635178230702878,0.2160277627408506,0.14087478164583458,0.0566722603980453,-0.02740053145680567,-0.10008676024153823,-0.14480019640177494,-0.14635896310210245,-0.11436467245221157,-0.0816706074401738,-0.06285676313564197,-0.046618126099929345,-0.0318395334761591,-0.025051628239452964,-0.006493289954960499,0.03290317300707088,0.06387081835418935,0.04935314855538314,-0.006708268163492841,-0.062234754441305974,-0.09771301783621313,-0.1321237199008465,-0.17655136249959474,-0.21974890120327484,-0.24100987985730185,-0.2239485206082465,-0.17439370322972556,-0.11244024615734836,-0.044173411326483135,0.02390943374484756,0.06945192953571667,0.07605920638889072,0.06002833461388946,0.05277895624749362,0.07088816259056323,0.1003458993509411,0.11124062072485677,0.10588197689503426,0.09414926776662473,0.061118648620322465,0.017269246396608755
